    unsorted:	 246.7401103 246.7401103 246.7401103 246.7401103 246.7401103 246.7401103 246.7401103 246.7401103 246.7401103 246.7401103 246.7401103 246.7401103 246.7401103 246.7401103 246.7401103 246.7401103 246.7401103 246.7401103 246.7401103 246.7401103 246.7401103 246.7401103 246.7401103 246.7401103 246.7401103 246.7401103 246.7401103 246.7401103 246.7401103 246.7401103 246.7401103 246.7401103 152.4984863 152.4984863 152.4984863 152.4984863 152.4984863 152.4984863 152.4984863 152.4984863 152.4984863 152.4984863 152.4984863 152.4984863 152.4984863 152.4984863 152.4984863 152.4984863 152.4984863 246.7401103 246.7401103 152.4984863 246.7401102 246.7401101 246.7401098 246.7401097 152.4984863 246.7401089 246.7401084 246.7401241 246.7401273 246.7401294 246.7401351 246.7401417 246.7401575 246.7401651 246.7401890 246.7402027 246.7400004 246.7398527 152.4984863 152.4984863 152.4984863 152.4984863 152.4984863 152.4984863 152.4984863 244.0378590 0.001509065637 0.004995093969 0.002350440903 0.01590472071 0.01091362656 0.1039526436 0.4078805748 0.4336084427 300.0493641 353.9085453 377.1380671 398.5756625 457.5701339 438.9623358 421.6159008 467.9426117 469.7999145 502.0666921 524.4217703 537.3880149 544.4035514 569.7183281 11.77551007 111.7950416 73.50222167 601.5783987 621.2804180 638.9663378 649.1490085 702.5326641 734.8753654 844.7318942 899.5604546 920.7761377 934.1708245 1095.645952 1393.603736 1417.111424 1462.509608 1605.643996 2140.506884 2472.244655 3414.030683 3599.365770 3912.652517 3990.066868 4230.272885 4469.693528 4790.476682 5966.491460 6610.700577 7296.554645 7446.929184 7609.157600 9073.498531 9201.418688 9464.583767 9880.059869 10301.97494 10802.24477 11751.65231 12465.21645 13898.99582 14609.91733 15307.37622 17402.39748 17733.03382 20254.91057 20489.22081 21727.32354 24968.67791 25508.42032 27740.63896 28565.71524 32800.31153 38498.75349 40300.40421 46056.86469 50643.25252 56039.27462 86725.74549 134698.7986 851759.1227 2149624.546 2549289.900 246.7401103
      sorted:	 0.001509065637 0.002350440903 0.004995093969 0.01091362656 0.01590472071 0.1039526436 0.4078805748 0.4336084427 11.77551007 73.50222167 111.7950416 152.4984863 152.4984863 152.4984863 152.4984863 152.4984863 152.4984863 152.4984863 152.4984863 152.4984863 152.4984863 152.4984863 152.4984863 152.4984863 152.4984863 152.4984863 152.4984863 152.4984863 152.4984863 152.4984863 152.4984863 152.4984863 152.4984863 152.4984863 152.4984863 152.4984863 152.4984863 244.0378590 246.7398527 246.7400004 246.7401084 246.7401089 246.7401097 246.7401098 246.7401101 246.7401102 246.7401103 246.7401103 246.7401103 246.7401103 246.7401103 246.7401103 246.7401103 246.7401103 246.7401103 246.7401103 246.7401103 246.7401103 246.7401103 246.7401103 246.7401103 246.7401103 246.7401103 246.7401103 246.7401103 246.7401103 246.7401103 246.7401103 246.7401103 246.7401103 246.7401103 246.7401103 246.7401103 246.7401103 246.7401103 246.7401103 246.7401103 246.7401103 246.7401103 246.7401103 246.7401103 246.7401241 246.7401273 246.7401294 246.7401351 246.7401417 246.7401575 246.7401651 246.7401890 246.7402027 300.0493641 353.9085453 377.1380671 398.5756625 421.6159008 438.9623358 457.5701339 467.9426117 469.7999145 502.0666921 524.4217703 537.3880149 544.4035514 569.7183281 601.5783987 621.2804180 638.9663378 649.1490085 702.5326641 734.8753654 844.7318942 899.5604546 920.7761377 934.1708245 1095.645952 1393.603736 1417.111424 1462.509608 1605.643996 2140.506884 2472.244655 3414.030683 3599.365770 3912.652517 3990.066868 4230.272885 4469.693528 4790.476682 5966.491460 6610.700577 7296.554645 7446.929184 7609.157600 9073.498531 9201.418688 9464.583767 9880.059869 10301.97494 10802.24477 11751.65231 12465.21645 13898.99582 14609.91733 15307.37622 17402.39748 17733.03382 20254.91057 20489.22081 21727.32354 24968.67791 25508.42032 27740.63896 28565.71524 32800.31153 38498.75349 40300.40421 46056.86469 50643.25252 56039.27462 86725.74549 134698.7986 851759.1227 2149624.546 2549289.900
