    unsorted:	 246.7401103 246.7401103 246.7401103 246.7401103 246.7401103 246.7401103 246.7401103 246.7401103 246.7401103 246.7401103 246.7401103 246.7401103 246.7401103 246.7401103 246.7401103 246.7401103 246.7401103 246.7401103 246.7401103 246.7401103 246.7401103 246.7401103 246.7401103 246.7401103 246.7401103 246.7401103 246.7401103 246.7401103 246.7401103 246.7401103 246.7401103 152.4984863 152.4984863 152.4984863 152.4984863 152.4984863 152.4984863 152.4984863 152.4984863 152.4984863 152.4984863 152.4984863 152.4984863 152.4984863 152.4984863 152.4984863 152.4984863 246.7401103 246.7401103 246.7401103 246.7401103 246.7401103 246.7401103 246.7401103 246.7401109 246.7401111 246.7401093 246.7401091 246.7401137 246.7401069 246.7401030 152.4984863 152.4984863 152.4984863 152.4984863 152.4984863 152.4984863 152.4984863 0.005119182253 0.005471813392 0.004646644432 0.006653927292 0.07997202940 0.1026315622 0.4717041964 244.1676359 213.0924810 428.8328694 428.4021958 423.3870016 420.2021128 413.0823162 441.2280102 398.1073840 390.9005175 381.8478675 375.4811417 451.4894112 453.3754667 358.8782076 472.0896543 325.8391286 203.2234186 176.8434554 505.1752128 516.9257962 532.8659831 117.8233170 557.5591231 53.87928781 595.7582084 607.2946048 631.1244517 62.15464187 648.4577220 704.1516585 759.4565291 866.8007032 1009.831029 1147.940944 1266.454986 1760.297173 2353.990111 2888.900243 3022.277573 3639.059825 4129.922432 4823.416005 4968.386327 5572.536984 5825.397924 6345.630025 6639.788065 7569.482180 8226.298169 8388.132477 8889.725396 9185.944747 9407.601970 10151.69706 11006.35144 12092.15764 12131.39982 12788.33925 12900.28431 13344.22342 13726.34538 14551.08045 15277.90395 16202.48742 17977.97795 18961.88159 19582.13841 20811.83053 21282.84244 24323.21100 25317.42807 26957.31181 29509.97565 30025.67196 33458.35678 34287.69755 38741.85816 44321.11093 49633.31012 54980.92126 59321.06617 65620.29966 116432.0581 194648.6610 1323081.101 2549648.829 4134872.070 246.7401103
      sorted:	 0.004646644432 0.005119182253 0.005471813392 0.006653927292 0.07997202940 0.1026315622 0.4717041964 53.87928781 62.15464187 117.8233170 152.4984863 152.4984863 152.4984863 152.4984863 152.4984863 152.4984863 152.4984863 152.4984863 152.4984863 152.4984863 152.4984863 152.4984863 152.4984863 152.4984863 152.4984863 152.4984863 152.4984863 152.4984863 152.4984863 152.4984863 152.4984863 152.4984863 152.4984863 176.8434554 203.2234186 213.0924810 244.1676359 246.7401030 246.7401069 246.7401091 246.7401093 246.7401103 246.7401103 246.7401103 246.7401103 246.7401103 246.7401103 246.7401103 246.7401103 246.7401103 246.7401103 246.7401103 246.7401103 246.7401103 246.7401103 246.7401103 246.7401103 246.7401103 246.7401103 246.7401103 246.7401103 246.7401103 246.7401103 246.7401103 246.7401103 246.7401103 246.7401103 246.7401103 246.7401103 246.7401103 246.7401103 246.7401103 246.7401103 246.7401103 246.7401103 246.7401103 246.7401103 246.7401103 246.7401103 246.7401103 246.7401109 246.7401111 246.7401137 325.8391286 358.8782076 375.4811417 381.8478675 390.9005175 398.1073840 413.0823162 420.2021128 423.3870016 428.4021958 428.8328694 441.2280102 451.4894112 453.3754667 472.0896543 505.1752128 516.9257962 532.8659831 557.5591231 595.7582084 607.2946048 631.1244517 648.4577220 704.1516585 759.4565291 866.8007032 1009.831029 1147.940944 1266.454986 1760.297173 2353.990111 2888.900243 3022.277573 3639.059825 4129.922432 4823.416005 4968.386327 5572.536984 5825.397924 6345.630025 6639.788065 7569.482180 8226.298169 8388.132477 8889.725396 9185.944747 9407.601970 10151.69706 11006.35144 12092.15764 12131.39982 12788.33925 12900.28431 13344.22342 13726.34538 14551.08045 15277.90395 16202.48742 17977.97795 18961.88159 19582.13841 20811.83053 21282.84244 24323.21100 25317.42807 26957.31181 29509.97565 30025.67196 33458.35678 34287.69755 38741.85816 44321.11093 49633.31012 54980.92126 59321.06617 65620.29966 116432.0581 194648.6610 1323081.101 2549648.829 4134872.070
