    unsorted:	 246.7401103 246.7401103 246.7401103 246.7401103 246.7401103 246.7401103 246.7401103 246.7401103 246.7401103 246.7401103 246.7401103 246.7401103 246.7401103 246.7401103 246.7401103 246.7401103 246.7401103 246.7401103 246.7401103 246.7401103 246.7401103 246.7401103 246.7401103 152.4984863 152.4984863 152.4984863 152.4984863 152.4984863 152.4984863 152.4984863 152.4984863 152.4984863 152.4984863 152.4984863 152.4984863 152.4984863 152.4984863 152.4984863 246.7401103 246.7401103 246.7401103 246.7401103 246.7401103 246.7401103 246.7401103 246.7401103 246.7401103 246.7401103 246.7401101 246.7401100 246.7401107 246.7401096 246.7401090 246.7401114 246.7401130 246.7401068 152.4984863 152.4984863 152.4984863 152.4984863 152.4984863 152.4984863 0.005059976128 0.005384598105 0.006426506942 0.004145371562 0.05858598212 0.1010524955 0.4364278882 419.1167625 417.6114730 422.3570086 428.1157065 393.6486087 403.5510742 384.4198918 381.4495631 374.8957429 439.3109136 448.0371983 450.4283470 360.3889402 468.4899285 478.2177902 332.7227798 502.3573973 244.3015364 270.8044270 514.8247224 529.1753228 531.4002416 185.0188548 558.1478782 169.5509294 594.2506780 121.7387698 605.2801546 623.5532558 53.28633624 70.81335417 645.0161844 697.8007768 760.4337746 857.6753774 1009.784088 1103.047228 1268.689313 1756.784924 2337.385215 3023.075988 3337.879535 3846.367440 4260.142812 4930.959729 4870.519693 5282.540467 5580.855710 6013.400048 6518.930050 6741.880509 7035.152176 7763.772519 8487.018136 8695.258040 9045.416644 9277.320467 9771.417710 10498.26709 11100.16606 12128.77164 12260.10643 12853.64994 13028.43377 13410.35836 13832.82747 14544.78560 14855.13289 15353.88642 16469.99790 18162.50670 18741.48140 19001.49059 20818.21601 21236.30433 21609.24675 24144.53494 25872.57727 27108.40270 29932.28501 29528.81767 33406.38243 34248.82756 38734.79638 44375.49997 49526.78781 54362.77481 58942.95557 65551.36804 125334.4117 212013.8820 1407974.040 2557173.051 4361241.769 246.7401103
      sorted:	 0.004145371562 0.005059976128 0.005384598105 0.006426506942 0.05858598212 0.1010524955 0.4364278882 53.28633624 70.81335417 121.7387698 152.4984863 152.4984863 152.4984863 152.4984863 152.4984863 152.4984863 152.4984863 152.4984863 152.4984863 152.4984863 152.4984863 152.4984863 152.4984863 152.4984863 152.4984863 152.4984863 152.4984863 152.4984863 152.4984863 152.4984863 152.4984863 169.5509294 185.0188548 244.3015364 246.7401068 246.7401090 246.7401096 246.7401100 246.7401101 246.7401103 246.7401103 246.7401103 246.7401103 246.7401103 246.7401103 246.7401103 246.7401103 246.7401103 246.7401103 246.7401103 246.7401103 246.7401103 246.7401103 246.7401103 246.7401103 246.7401103 246.7401103 246.7401103 246.7401103 246.7401103 246.7401103 246.7401103 246.7401103 246.7401103 246.7401103 246.7401103 246.7401103 246.7401103 246.7401103 246.7401103 246.7401103 246.7401103 246.7401103 246.7401107 246.7401114 246.7401130 270.8044270 332.7227798 360.3889402 374.8957429 381.4495631 384.4198918 393.6486087 403.5510742 417.6114730 419.1167625 422.3570086 428.1157065 439.3109136 448.0371983 450.4283470 468.4899285 478.2177902 502.3573973 514.8247224 529.1753228 531.4002416 558.1478782 594.2506780 605.2801546 623.5532558 645.0161844 697.8007768 760.4337746 857.6753774 1009.784088 1103.047228 1268.689313 1756.784924 2337.385215 3023.075988 3337.879535 3846.367440 4260.142812 4870.519693 4930.959729 5282.540467 5580.855710 6013.400048 6518.930050 6741.880509 7035.152176 7763.772519 8487.018136 8695.258040 9045.416644 9277.320467 9771.417710 10498.26709 11100.16606 12128.77164 12260.10643 12853.64994 13028.43377 13410.35836 13832.82747 14544.78560 14855.13289 15353.88642 16469.99790 18162.50670 18741.48140 19001.49059 20818.21601 21236.30433 21609.24675 24144.53494 25872.57727 27108.40270 29528.81767 29932.28501 33406.38243 34248.82756 38734.79638 44375.49997 49526.78781 54362.77481 58942.95557 65551.36804 125334.4117 212013.8820 1407974.040 2557173.051 4361241.769
