    unsorted:	 246.7401103 246.7401103 246.7401103 246.7401103 246.7401103 246.7401103 246.7401103 246.7401103 246.7401103 246.7401103 246.7401103 246.7401103 246.7401103 246.7401103 246.7401103 246.7401103 246.7401103 152.4984863 152.4984863 152.4984863 152.4984863 152.4984863 152.4984863 152.4984863 152.4984863 152.4984863 152.4984863 152.4984863 152.4984863 152.4984863 152.4984863 152.4984863 152.4984863 246.7401101 246.7401101 246.7401108 246.7401109 246.7401092 246.7401090 246.7401089 246.7401097 246.7401082 246.7401117 246.7401077 246.7401062 246.7401059 246.7401030 246.7401308 243.9928327 252.4162906 258.0860030 308.6802715 0.005069878261 0.005671334696 0.007493803403 0.008645408437 0.06329894100 0.1120387433 0.4128140668 286.1003503 296.1688350 373.6877254 377.1784221 380.3647779 391.2449164 398.1781169 404.6743241 408.3073036 353.0296192 342.8376623 431.0309502 435.8772182 445.1634970 459.2282907 463.4139952 468.7505659 476.4438333 486.9083040 498.3701042 208.5848897 526.0686899 550.2141466 560.2839655 580.7559688 589.1211499 621.2394743 22.04480930 51.74307953 76.42693294 643.7153020 663.6751305 718.0454523 729.4662895 735.2062883 833.5043137 885.9254444 969.2670051 1050.425065 1122.570020 1224.146998 1884.170393 2112.529259 2693.693165 2745.603764 3130.188675 3330.942058 3818.913832 4278.512279 4729.701541 4864.470306 5126.060461 5608.747378 5424.679994 5840.363065 6351.844822 6701.149602 7080.257030 7629.014636 7836.639537 8291.067343 8511.800815 8766.519938 8920.670527 9128.582361 9740.788071 9969.799496 10464.83590 10690.53087 11235.34502 12084.05551 12258.59934 12852.29238 12779.28486 13134.52186 13386.53008 13525.93834 14412.17206 14984.73157 15388.75406 16081.99638 17932.03997 18148.10293 18761.36750 20451.76481 20870.01159 21328.84732 23823.57955 25826.99683 27009.16862 29369.66662 29617.56361 33083.89950 33906.38037 38290.68817 43962.99494 48401.50444 52025.01920 58166.54431 65031.66309 126696.1315 220785.6482 1478197.697 2582150.910 4595625.919
      sorted:	 0.005069878261 0.005671334696 0.007493803403 0.008645408437 0.06329894100 0.1120387433 0.4128140668 22.04480930 51.74307953 76.42693294 152.4984863 152.4984863 152.4984863 152.4984863 152.4984863 152.4984863 152.4984863 152.4984863 152.4984863 152.4984863 152.4984863 152.4984863 152.4984863 152.4984863 152.4984863 152.4984863 208.5848897 243.9928327 246.7401030 246.7401059 246.7401062 246.7401077 246.7401082 246.7401089 246.7401090 246.7401092 246.7401097 246.7401101 246.7401101 246.7401103 246.7401103 246.7401103 246.7401103 246.7401103 246.7401103 246.7401103 246.7401103 246.7401103 246.7401103 246.7401103 246.7401103 246.7401103 246.7401103 246.7401103 246.7401103 246.7401103 246.7401108 246.7401109 246.7401117 246.7401308 252.4162906 258.0860030 286.1003503 296.1688350 308.6802715 342.8376623 353.0296192 373.6877254 377.1784221 380.3647779 391.2449164 398.1781169 404.6743241 408.3073036 431.0309502 435.8772182 445.1634970 459.2282907 463.4139952 468.7505659 476.4438333 486.9083040 498.3701042 526.0686899 550.2141466 560.2839655 580.7559688 589.1211499 621.2394743 643.7153020 663.6751305 718.0454523 729.4662895 735.2062883 833.5043137 885.9254444 969.2670051 1050.425065 1122.570020 1224.146998 1884.170393 2112.529259 2693.693165 2745.603764 3130.188675 3330.942058 3818.913832 4278.512279 4729.701541 4864.470306 5126.060461 5424.679994 5608.747378 5840.363065 6351.844822 6701.149602 7080.257030 7629.014636 7836.639537 8291.067343 8511.800815 8766.519938 8920.670527 9128.582361 9740.788071 9969.799496 10464.83590 10690.53087 11235.34502 12084.05551 12258.59934 12779.28486 12852.29238 13134.52186 13386.53008 13525.93834 14412.17206 14984.73157 15388.75406 16081.99638 17932.03997 18148.10293 18761.36750 20451.76481 20870.01159 21328.84732 23823.57955 25826.99683 27009.16862 29369.66662 29617.56361 33083.89950 33906.38037 38290.68817 43962.99494 48401.50444 52025.01920 58166.54431 65031.66309 126696.1315 220785.6482 1478197.697 2582150.910 4595625.919
