    unsorted:	 246.7401103 246.7401103 246.7401103 246.7401103 246.7401103 246.7401103 246.7401103 246.7401103 246.7401103 246.7401103 246.7401103 246.7401103 246.7401103 246.7401103 246.7401103 246.7401103 246.7401103 246.7401103 246.7401103 246.7401103 246.7401103 246.7401103 246.7401103 246.7401103 246.7401103 246.7401103 246.7401103 152.4984863 152.4984863 152.4984863 152.4984863 152.4984863 152.4984863 152.4984863 152.4984863 152.4984863 152.4984863 152.4984863 152.4984863 152.4984863 152.4984863 152.4984863 152.4984863 246.7401100 246.7401099 246.7401110 246.7401095 246.7401095 246.7401091 246.7401086 246.7401120 246.7401047 246.7401145 152.4984863 152.4984863 152.4984863 244.4637611 0.005061401293 0.005310041994 0.004124080961 0.006491658848 0.06057612486 0.09443409719 0.4373877686 285.0011095 321.1983268 330.6527088 335.6569487 361.2754165 376.0416699 381.5785051 385.6583900 393.5514066 411.0558528 404.7300108 417.6528708 420.9313973 425.6937152 437.7586071 443.2699748 447.0247172 450.7053986 467.9467233 479.9096666 501.2038437 512.8720864 528.3134511 173.3546298 554.3437571 560.7825325 131.4886140 590.9623226 601.8551019 619.2764856 49.43973176 64.20838242 642.3022664 695.2983055 755.5959911 852.0976471 856.6261926 1008.374525 1295.688509 1354.516050 2153.320343 2932.399172 3273.109883 3456.199502 4318.062690 4640.353604 4971.785562 5110.857819 5407.251440 5606.945920 6078.423482 6597.316524 6709.460800 7201.662495 7752.222576 7819.733070 8531.481401 8709.151976 8888.903102 9222.047484 9848.590121 10070.47470 10682.17405 11133.77495 12192.64146 12329.88542 12887.40105 13097.26817 13441.65529 13844.13587 14401.25635 14651.13869 15256.89881 15844.38263 16565.00699 18278.40094 18883.45226 19412.92016 20916.42791 21421.64550 21734.57309 24094.55737 26030.13214 27253.91805 29928.12398 29633.62643 33488.25144 34322.72505 38716.85122 44461.19552 49441.83261 54005.35409 58991.16523 65683.85713 129731.0815 225239.6246 1462518.396 2567026.476 4549405.754 246.7401103
      sorted:	 0.004124080961 0.005061401293 0.005310041994 0.006491658848 0.06057612486 0.09443409719 0.4373877686 49.43973176 64.20838242 131.4886140 152.4984863 152.4984863 152.4984863 152.4984863 152.4984863 152.4984863 152.4984863 152.4984863 152.4984863 152.4984863 152.4984863 152.4984863 152.4984863 152.4984863 152.4984863 152.4984863 152.4984863 152.4984863 152.4984863 173.3546298 244.4637611 246.7401047 246.7401086 246.7401091 246.7401095 246.7401095 246.7401099 246.7401100 246.7401103 246.7401103 246.7401103 246.7401103 246.7401103 246.7401103 246.7401103 246.7401103 246.7401103 246.7401103 246.7401103 246.7401103 246.7401103 246.7401103 246.7401103 246.7401103 246.7401103 246.7401103 246.7401103 246.7401103 246.7401103 246.7401103 246.7401103 246.7401103 246.7401103 246.7401103 246.7401103 246.7401103 246.7401110 246.7401120 246.7401145 285.0011095 321.1983268 330.6527088 335.6569487 361.2754165 376.0416699 381.5785051 385.6583900 393.5514066 404.7300108 411.0558528 417.6528708 420.9313973 425.6937152 437.7586071 443.2699748 447.0247172 450.7053986 467.9467233 479.9096666 501.2038437 512.8720864 528.3134511 554.3437571 560.7825325 590.9623226 601.8551019 619.2764856 642.3022664 695.2983055 755.5959911 852.0976471 856.6261926 1008.374525 1295.688509 1354.516050 2153.320343 2932.399172 3273.109883 3456.199502 4318.062690 4640.353604 4971.785562 5110.857819 5407.251440 5606.945920 6078.423482 6597.316524 6709.460800 7201.662495 7752.222576 7819.733070 8531.481401 8709.151976 8888.903102 9222.047484 9848.590121 10070.47470 10682.17405 11133.77495 12192.64146 12329.88542 12887.40105 13097.26817 13441.65529 13844.13587 14401.25635 14651.13869 15256.89881 15844.38263 16565.00699 18278.40094 18883.45226 19412.92016 20916.42791 21421.64550 21734.57309 24094.55737 26030.13214 27253.91805 29633.62643 29928.12398 33488.25144 34322.72505 38716.85122 44461.19552 49441.83261 54005.35409 58991.16523 65683.85713 129731.0815 225239.6246 1462518.396 2567026.476 4549405.754
