    unsorted:	 152.4984863 152.4984863 152.4984863 152.4984863 152.4984863 152.4984863 152.4984863 152.4984863 152.4984863 152.4984863 152.4984863 152.4984863 152.4984863 152.4984863 152.4984863 152.4984863 246.7401095 246.7401094 246.7401104 246.7401102 246.7401105 246.7401099 246.7401089 246.7401090 246.7401087 246.7401086 246.7401091 246.7401084 246.7401083 246.7401108 246.7401117 246.7401118 246.7401122 246.7401124 246.7401069 246.7401066 246.7401066 246.7401136 246.7401165 246.7401026 246.7401024 246.7401178 246.7401220 246.7401224 246.7400923 246.7400835 246.7400800 246.7401865 134.5861266 244.1434317 0.01433952680 0.02103729820 0.003606892386 0.01088262090 0.07956788572 0.1322067577 201.3019639 207.5370143 238.6893215 259.8237115 285.0046739 297.1558412 308.3345515 374.6103901 372.9335916 378.8672014 389.1440596 350.6150818 392.8869608 405.2635994 426.8616388 438.9670909 458.5006349 465.7035647 470.6148251 487.6761971 496.8497555 502.0344934 520.2989639 10.54968779 4.430026572 532.5606119 549.4078945 564.4327455 651.4906459 672.3567663 683.6843183 703.4378437 721.8603693 767.2688753 804.7272281 829.0064375 912.2746074 919.3209793 933.7192381 1044.833078 1113.067614 1561.504819 1651.571705 1739.555201 2053.832473 2339.266417 2531.970431 2687.305074 2956.210172 3255.108823 3374.603273 3517.209348 3610.478813 3878.437469 3985.075351 4157.489312 4298.077458 4399.529138 4579.806529 5300.810942 5719.359988 5817.590601 5955.050353 6103.918872 6219.318178 6417.730988 6663.288897 6811.242805 7011.488970 7216.135737 7472.992351 7564.815241 8113.634932 8453.612927 8649.794429 8799.448570 8964.713522 9574.135913 9816.219133 10046.53643 10326.39801 10953.70277 11098.85834 11821.02112 12484.40314 12878.52185 13029.71792 15145.79227 15568.66616 15774.36740 16656.70500 17630.77265 19927.39943 20425.23056 21111.30978 21969.69670 22970.33205 27264.49590 29855.42623 30527.19363 33885.23575 39042.79185 44507.27249 80368.41213 173539.8980 808889.8646 2058409.545 2594341.861
      sorted:	 0.003606892386 0.01088262090 0.01433952680 0.02103729820 0.07956788572 0.1322067577 4.430026572 10.54968779 134.5861266 152.4984863 152.4984863 152.4984863 152.4984863 152.4984863 152.4984863 152.4984863 152.4984863 152.4984863 152.4984863 152.4984863 152.4984863 152.4984863 152.4984863 152.4984863 152.4984863 201.3019639 207.5370143 238.6893215 244.1434317 246.7400800 246.7400835 246.7400923 246.7401024 246.7401026 246.7401066 246.7401066 246.7401069 246.7401083 246.7401084 246.7401086 246.7401087 246.7401089 246.7401090 246.7401091 246.7401094 246.7401095 246.7401099 246.7401102 246.7401104 246.7401105 246.7401108 246.7401117 246.7401118 246.7401122 246.7401124 246.7401136 246.7401165 246.7401178 246.7401220 246.7401224 246.7401865 259.8237115 285.0046739 297.1558412 308.3345515 350.6150818 372.9335916 374.6103901 378.8672014 389.1440596 392.8869608 405.2635994 426.8616388 438.9670909 458.5006349 465.7035647 470.6148251 487.6761971 496.8497555 502.0344934 520.2989639 532.5606119 549.4078945 564.4327455 651.4906459 672.3567663 683.6843183 703.4378437 721.8603693 767.2688753 804.7272281 829.0064375 912.2746074 919.3209793 933.7192381 1044.833078 1113.067614 1561.504819 1651.571705 1739.555201 2053.832473 2339.266417 2531.970431 2687.305074 2956.210172 3255.108823 3374.603273 3517.209348 3610.478813 3878.437469 3985.075351 4157.489312 4298.077458 4399.529138 4579.806529 5300.810942 5719.359988 5817.590601 5955.050353 6103.918872 6219.318178 6417.730988 6663.288897 6811.242805 7011.488970 7216.135737 7472.992351 7564.815241 8113.634932 8453.612927 8649.794429 8799.448570 8964.713522 9574.135913 9816.219133 10046.53643 10326.39801 10953.70277 11098.85834 11821.02112 12484.40314 12878.52185 13029.71792 15145.79227 15568.66616 15774.36740 16656.70500 17630.77265 19927.39943 20425.23056 21111.30978 21969.69670 22970.33205 27264.49590 29855.42623 30527.19363 33885.23575 39042.79185 44507.27249 80368.41213 173539.8980 808889.8646 2058409.545 2594341.861
