    unsorted:	 152.4984863 152.4984863 152.4984863 152.4984863 152.4984863 152.4984863 152.4984863 152.4984863 152.4984863 152.4984863 152.4984863 152.4984863 152.4984863 152.4984863 152.4984863 152.4984863 246.7401095 246.7401094 246.7401104 246.7401102 246.7401105 246.7401099 246.7401089 246.7401090 246.7401088 246.7401086 246.7401091 246.7401084 246.7401083 246.7401107 246.7401117 246.7401118 246.7401122 246.7401124 246.7401069 246.7401066 246.7401066 246.7401136 246.7401165 246.7401026 246.7401024 246.7401178 246.7401220 246.7401224 246.7400923 246.7400835 246.7400800 246.7401865 134.5861253 244.1434314 0.01433952681 0.02103729821 0.003606892540 0.01088262085 0.07956788578 0.1322067573 201.3019643 207.5370132 238.6893213 259.8237118 285.0046739 297.1558412 308.3345518 374.6103903 372.9335920 378.8672013 389.1440611 350.6150820 392.8869609 405.2635995 426.8616387 438.9670914 458.5006351 465.7035640 470.6148251 487.6761974 496.8497561 502.0344936 520.2989641 10.54968640 4.430026563 532.5606125 549.4078948 564.4327458 651.4906469 672.3567670 683.6843188 703.4378439 721.8603696 767.2688759 804.7272283 829.0064371 912.2746076 919.3209795 933.7192381 1044.833079 1113.067615 1561.504820 1651.571707 1739.555205 2053.832481 2339.266417 2531.970434 2687.305076 2956.210171 3255.108825 3374.603275 3517.209348 3610.478814 3878.437469 3985.075354 4157.489314 4298.077460 4399.529139 4579.806530 5300.810939 5719.359987 5817.590600 5955.050353 6103.918872 6219.318180 6417.730986 6663.288896 6811.242804 7011.488967 7216.135737 7472.992350 7564.815238 8113.634928 8453.612926 8649.794429 8799.448575 8964.713520 9574.135910 9816.219129 10046.53643 10326.39801 10953.70276 11098.85834 11821.02111 12484.40314 12878.52184 13029.71791 15145.79227 15568.66615 15774.36740 16656.70500 17630.77265 19927.39942 20425.23056 21111.30978 21969.69669 22970.33204 27264.49590 29855.42625 30527.19363 33885.23574 39042.79185 44507.27249 80368.41225 173539.8979 808889.8642 2058409.543 2594341.861
      sorted:	 0.003606892540 0.01088262085 0.01433952681 0.02103729821 0.07956788578 0.1322067573 4.430026563 10.54968640 134.5861253 152.4984863 152.4984863 152.4984863 152.4984863 152.4984863 152.4984863 152.4984863 152.4984863 152.4984863 152.4984863 152.4984863 152.4984863 152.4984863 152.4984863 152.4984863 152.4984863 201.3019643 207.5370132 238.6893213 244.1434314 246.7400800 246.7400835 246.7400923 246.7401024 246.7401026 246.7401066 246.7401066 246.7401069 246.7401083 246.7401084 246.7401086 246.7401088 246.7401089 246.7401090 246.7401091 246.7401094 246.7401095 246.7401099 246.7401102 246.7401104 246.7401105 246.7401107 246.7401117 246.7401118 246.7401122 246.7401124 246.7401136 246.7401165 246.7401178 246.7401220 246.7401224 246.7401865 259.8237118 285.0046739 297.1558412 308.3345518 350.6150820 372.9335920 374.6103903 378.8672013 389.1440611 392.8869609 405.2635995 426.8616387 438.9670914 458.5006351 465.7035640 470.6148251 487.6761974 496.8497561 502.0344936 520.2989641 532.5606125 549.4078948 564.4327458 651.4906469 672.3567670 683.6843188 703.4378439 721.8603696 767.2688759 804.7272283 829.0064371 912.2746076 919.3209795 933.7192381 1044.833079 1113.067615 1561.504820 1651.571707 1739.555205 2053.832481 2339.266417 2531.970434 2687.305076 2956.210171 3255.108825 3374.603275 3517.209348 3610.478814 3878.437469 3985.075354 4157.489314 4298.077460 4399.529139 4579.806530 5300.810939 5719.359987 5817.590600 5955.050353 6103.918872 6219.318180 6417.730986 6663.288896 6811.242804 7011.488967 7216.135737 7472.992350 7564.815238 8113.634928 8453.612926 8649.794429 8799.448575 8964.713520 9574.135910 9816.219129 10046.53643 10326.39801 10953.70276 11098.85834 11821.02111 12484.40314 12878.52184 13029.71791 15145.79227 15568.66615 15774.36740 16656.70500 17630.77265 19927.39942 20425.23056 21111.30978 21969.69669 22970.33204 27264.49590 29855.42625 30527.19363 33885.23574 39042.79185 44507.27249 80368.41225 173539.8979 808889.8642 2058409.543 2594341.861
