    unsorted:	 246.7401103 246.7401103 246.7401103 246.7401103 246.7401103 246.7401103 246.7401103 246.7401103 246.7401103 246.7401103 246.7401103 246.7401103 246.7401103 246.7401103 246.7401103 246.7401103 246.7401103 246.7401102 246.7401102 246.7401103 246.7401105 246.7401105 246.7401107 246.7401096 246.7401111 246.7401094 246.7401095 246.7401122 246.7401083 246.7401080 102.4195253 102.4195253 102.4195253 102.4195253 102.4195253 102.4195253 102.4195253 102.4195253 102.4195253 102.4195253 102.4195253 102.4195253 102.4195253 102.4195253 102.4195253 102.4195253 246.7406462 240.0913481 231.7887579 285.7866730 183.6359304 0.005062855388 0.004182770199 0.01125802510 0.06576662027 0.1738264403 1.330113106 365.5557355 350.6036014 407.0002369 398.2446410 132.3148513 99.62706604 511.6286486 504.7033096 516.1006208 495.3084134 490.6212348 476.1180907 527.5402783 539.1361653 543.7920666 552.0202649 562.5501061 567.6037258 574.1827247 600.4787968 596.2972461 602.8468954 628.0469035 637.9113597 642.8549708 644.0795570 655.0193441 664.7874169 671.8023455 679.1962248 692.7143496 701.6171777 16.38899330 748.2605245 -31.57955602 784.7452404 843.3070399 1016.231225 1545.788510 1875.798467 1960.230655 2625.460697 2928.710540 3551.900562 3843.537489 4024.026544 4096.335464 4462.061730 4791.688782 5007.705612 5399.965359 5578.088945 6433.519820 6251.610271 6484.048778 7302.287599 7691.038868 8308.812420 8794.975145 9106.665094 9428.601841 10279.39071 10658.27120 10960.31798 11721.88294 12704.60516 49524.73593 49155.10217 49949.60881 48354.94358 50520.43018 51559.74852 47516.52061 52310.50482 52965.77488 45874.02203 43987.31688 54841.28130 41997.32260 56864.87406 57962.09470 58689.60658 59926.60899 60765.57910 61774.86454 62554.51301 63720.31358 64176.33325 65324.86510 65713.58627 36074.60140 67005.08731 29793.69973 68334.52917 70019.71979 70957.79472 76486.68955 171615.7417 511395.4402 1502025.622 2568871.212 2859286.574 271917259.3 -5078034355. 7659912524.
      sorted:	 -5078034355. -31.57955602 0.004182770199 0.005062855388 0.01125802510 0.06576662027 0.1738264403 1.330113106 16.38899330 99.62706604 102.4195253 102.4195253 102.4195253 102.4195253 102.4195253 102.4195253 102.4195253 102.4195253 102.4195253 102.4195253 102.4195253 102.4195253 102.4195253 102.4195253 102.4195253 102.4195253 132.3148513 183.6359304 231.7887579 240.0913481 246.7401080 246.7401083 246.7401094 246.7401095 246.7401096 246.7401102 246.7401102 246.7401103 246.7401103 246.7401103 246.7401103 246.7401103 246.7401103 246.7401103 246.7401103 246.7401103 246.7401103 246.7401103 246.7401103 246.7401103 246.7401103 246.7401103 246.7401103 246.7401103 246.7401103 246.7401105 246.7401105 246.7401107 246.7401111 246.7401122 246.7406462 285.7866730 350.6036014 365.5557355 398.2446410 407.0002369 476.1180907 490.6212348 495.3084134 504.7033096 511.6286486 516.1006208 527.5402783 539.1361653 543.7920666 552.0202649 562.5501061 567.6037258 574.1827247 596.2972461 600.4787968 602.8468954 628.0469035 637.9113597 642.8549708 644.0795570 655.0193441 664.7874169 671.8023455 679.1962248 692.7143496 701.6171777 748.2605245 784.7452404 843.3070399 1016.231225 1545.788510 1875.798467 1960.230655 2625.460697 2928.710540 3551.900562 3843.537489 4024.026544 4096.335464 4462.061730 4791.688782 5007.705612 5399.965359 5578.088945 6251.610271 6433.519820 6484.048778 7302.287599 7691.038868 8308.812420 8794.975145 9106.665094 9428.601841 10279.39071 10658.27120 10960.31798 11721.88294 12704.60516 29793.69973 36074.60140 41997.32260 43987.31688 45874.02203 47516.52061 48354.94358 49155.10217 49524.73593 49949.60881 50520.43018 51559.74852 52310.50482 52965.77488 54841.28130 56864.87406 57962.09470 58689.60658 59926.60899 60765.57910 61774.86454 62554.51301 63720.31358 64176.33325 65324.86510 65713.58627 67005.08731 68334.52917 70019.71979 70957.79472 76486.68955 171615.7417 511395.4402 1502025.622 2568871.212 2859286.574 271917259.3 7659912524.
