    unsorted:	 246.7401103 246.7401103 246.7401103 246.7401103 246.7401103 246.7401103 246.7401103 246.7401103 246.7401103 246.7401103 246.7401103 246.7401103 246.7401103 246.7401103 246.7401103 246.7401103 246.7401103 246.7401103 246.7401103 246.7401104 152.4984863 152.4984863 152.4984863 152.4984863 152.4984863 152.4984863 152.4984863 152.4984863 152.4984863 152.4984863 152.4984863 246.7401093 246.7401112 246.7401115 246.7401084 246.7401072 246.7401070 246.7401059 246.7401054 246.7401044 246.7401140 246.7401016 246.7401491 246.7400812 152.4984863 152.4984863 152.4984863 152.4984863 152.4984863 244.4479781 242.9261571 226.0765027 152.4984863 0.005052923937 0.005300405002 0.006140474815 0.009820103698 0.05989425557 0.09015704717 0.4422915898 391.6208961 393.5473411 402.7939540 402.1500241 387.5471445 406.4972083 373.3694076 310.4062558 313.5521020 342.6399098 429.5746045 431.7467926 438.6096437 456.9698903 461.9829325 466.0897072 480.2485749 484.1659196 196.0036058 150.0469803 505.0388185 519.2666708 538.2378124 548.8829307 128.2592124 579.5880273 594.3235084 610.3399863 48.66511176 50.97436490 629.2942520 647.2420771 663.6646294 695.4513003 723.8034119 818.4696295 883.9949615 1034.820678 1291.379198 1588.165584 1722.776109 2469.976963 2941.017288 3318.104129 3557.657230 4215.830137 4582.299832 4818.569929 5006.331246 5249.498674 5617.636894 5884.008608 6130.992485 6411.661245 6964.622530 7219.522558 7433.226993 8040.717012 8286.045198 8651.233698 9081.484724 9199.053440 9567.740718 10000.13039 10153.26763 10568.85207 10955.96616 11420.94530 12186.85440 12218.81312 12975.81031 12869.01885 13477.66825 14187.64914 14521.97506 14816.76069 15794.80844 17475.59744 18181.46428 18756.96106 19276.86027 20315.89183 21217.40789 21385.90409 23920.45467 25751.81594 26945.07391 29583.72759 29858.52172 33349.73025 34192.14946 36169.31313 38642.32279 44309.92025 49310.91016 54068.47089 58809.08643 65453.32693 130828.4221 227566.8821 1497320.465 2567165.554 4527129.349 246.7401103
      sorted:	 0.005052923937 0.005300405002 0.006140474815 0.009820103698 0.05989425557 0.09015704717 0.4422915898 48.66511176 50.97436490 128.2592124 150.0469803 152.4984863 152.4984863 152.4984863 152.4984863 152.4984863 152.4984863 152.4984863 152.4984863 152.4984863 152.4984863 152.4984863 152.4984863 152.4984863 152.4984863 152.4984863 152.4984863 152.4984863 196.0036058 226.0765027 242.9261571 244.4479781 246.7400812 246.7401016 246.7401044 246.7401054 246.7401059 246.7401070 246.7401072 246.7401084 246.7401093 246.7401103 246.7401103 246.7401103 246.7401103 246.7401103 246.7401103 246.7401103 246.7401103 246.7401103 246.7401103 246.7401103 246.7401103 246.7401103 246.7401103 246.7401103 246.7401103 246.7401103 246.7401103 246.7401103 246.7401103 246.7401104 246.7401112 246.7401115 246.7401140 246.7401491 310.4062558 313.5521020 342.6399098 373.3694076 387.5471445 391.6208961 393.5473411 402.1500241 402.7939540 406.4972083 429.5746045 431.7467926 438.6096437 456.9698903 461.9829325 466.0897072 480.2485749 484.1659196 505.0388185 519.2666708 538.2378124 548.8829307 579.5880273 594.3235084 610.3399863 629.2942520 647.2420771 663.6646294 695.4513003 723.8034119 818.4696295 883.9949615 1034.820678 1291.379198 1588.165584 1722.776109 2469.976963 2941.017288 3318.104129 3557.657230 4215.830137 4582.299832 4818.569929 5006.331246 5249.498674 5617.636894 5884.008608 6130.992485 6411.661245 6964.622530 7219.522558 7433.226993 8040.717012 8286.045198 8651.233698 9081.484724 9199.053440 9567.740718 10000.13039 10153.26763 10568.85207 10955.96616 11420.94530 12186.85440 12218.81312 12869.01885 12975.81031 13477.66825 14187.64914 14521.97506 14816.76069 15794.80844 17475.59744 18181.46428 18756.96106 19276.86027 20315.89183 21217.40789 21385.90409 23920.45467 25751.81594 26945.07391 29583.72759 29858.52172 33349.73025 34192.14946 36169.31313 38642.32279 44309.92025 49310.91016 54068.47089 58809.08643 65453.32693 130828.4221 227566.8821 1497320.465 2567165.554 4527129.349
