    unsorted:	 246.7401103 246.7401103 246.7401103 246.7401103 246.7401103 246.7401103 246.7401103 246.7401103 246.7401103 246.7401103 246.7401103 246.7401103 246.7401103 246.7401103 246.7401103 246.7401103 246.7401103 246.7401103 246.7401103 246.7401103 246.7401103 246.7401103 246.7401103 246.7401103 246.7401103 246.7401103 246.7401103 246.7401103 152.4984863 152.4984863 246.7401103 152.4984863 152.4984863 152.4984863 152.4984863 152.4984863 152.4984863 152.4984863 152.4984863 152.4984863 152.4984863 246.7401103 246.7401103 246.7401103 246.7401103 246.7401103 246.7401104 152.4984863 152.4984863 152.4984863 152.4984863 152.4984863 246.7401098 246.7401110 246.7401091 246.7401118 246.7401071 246.7401072 246.7401034 246.7401153 152.4984863 152.4984863 152.4984863 152.4984863 152.4984863 0.005091577404 0.005389665323 0.004670093536 0.006521518100 0.06704993276 0.1011632739 0.4406680134 421.7331012 421.0411022 423.7413793 414.3859984 404.3986000 394.0376455 386.4968939 381.9529741 374.7852120 439.7004029 448.4990323 451.1240080 359.6330299 469.7562279 330.8202897 267.2986188 244.2037327 495.1731854 503.4389118 516.7077093 531.2465336 557.2507019 136.8896772 121.9004923 594.2985056 53.35318822 606.2146888 625.4350489 62.72342504 647.0202597 699.8370459 759.1390886 860.5985364 1011.810037 1077.782686 1270.247346 1596.415403 2233.895897 2825.505557 3074.327383 3250.285220 4013.446889 4430.906030 4922.254369 5130.043006 5585.070938 5979.266913 6070.455503 6514.220033 6942.080865 7710.842625 8478.358755 8668.234859 9271.749962 9016.614063 9584.266384 10378.32967 11074.97705 12124.56932 12239.04255 12816.54221 12997.11020 13338.23049 13749.28379 14567.73780 15085.19325 15345.06588 16390.16595 18176.64622 18933.75306 20395.76580 20946.59413 21536.17335 24262.77667 25570.18277 26995.90222 29521.55697 30007.68494 33426.41154 34277.66332 38759.71115 44379.77403 49574.53779 54330.34604 58945.90401 65493.04634 124948.1866 210368.5101 1381990.492 2557018.121 4295384.634 246.7401103
      sorted:	 0.004670093536 0.005091577404 0.005389665323 0.006521518100 0.06704993276 0.1011632739 0.4406680134 53.35318822 62.72342504 121.9004923 136.8896772 152.4984863 152.4984863 152.4984863 152.4984863 152.4984863 152.4984863 152.4984863 152.4984863 152.4984863 152.4984863 152.4984863 152.4984863 152.4984863 152.4984863 152.4984863 152.4984863 152.4984863 152.4984863 152.4984863 152.4984863 152.4984863 152.4984863 244.2037327 246.7401034 246.7401071 246.7401072 246.7401091 246.7401098 246.7401103 246.7401103 246.7401103 246.7401103 246.7401103 246.7401103 246.7401103 246.7401103 246.7401103 246.7401103 246.7401103 246.7401103 246.7401103 246.7401103 246.7401103 246.7401103 246.7401103 246.7401103 246.7401103 246.7401103 246.7401103 246.7401103 246.7401103 246.7401103 246.7401103 246.7401103 246.7401103 246.7401103 246.7401103 246.7401103 246.7401103 246.7401103 246.7401103 246.7401103 246.7401103 246.7401104 246.7401110 246.7401118 246.7401153 267.2986188 330.8202897 359.6330299 374.7852120 381.9529741 386.4968939 394.0376455 404.3986000 414.3859984 421.0411022 421.7331012 423.7413793 439.7004029 448.4990323 451.1240080 469.7562279 495.1731854 503.4389118 516.7077093 531.2465336 557.2507019 594.2985056 606.2146888 625.4350489 647.0202597 699.8370459 759.1390886 860.5985364 1011.810037 1077.782686 1270.247346 1596.415403 2233.895897 2825.505557 3074.327383 3250.285220 4013.446889 4430.906030 4922.254369 5130.043006 5585.070938 5979.266913 6070.455503 6514.220033 6942.080865 7710.842625 8478.358755 8668.234859 9016.614063 9271.749962 9584.266384 10378.32967 11074.97705 12124.56932 12239.04255 12816.54221 12997.11020 13338.23049 13749.28379 14567.73780 15085.19325 15345.06588 16390.16595 18176.64622 18933.75306 20395.76580 20946.59413 21536.17335 24262.77667 25570.18277 26995.90222 29521.55697 30007.68494 33426.41154 34277.66332 38759.71115 44379.77403 49574.53779 54330.34604 58945.90401 65493.04634 124948.1866 210368.5101 1381990.492 2557018.121 4295384.634
