    unsorted:	 246.7401103 246.7401103 246.7401103 246.7401103 246.7401103 246.7401103 246.7401103 246.7401103 246.7401103 246.7401103 246.7401103 246.7401103 246.7401103 246.7401103 246.7401103 246.7401103 246.7401103 246.7401103 246.7401103 246.7401103 246.7401103 246.7401103 246.7401103 246.7401103 246.7401103 246.7401103 246.7401103 246.7401103 246.7401103 246.7401103 246.7401103 152.4984863 152.4984863 152.4984863 152.4984863 152.4984863 152.4984863 152.4984863 152.4984863 152.4984863 152.4984863 152.4984863 152.4984863 152.4984863 152.4984863 152.4984863 152.4984863 152.4984863 152.4984863 152.4984863 152.4984863 152.4984863 246.7401103 152.4984863 246.7401101 246.7401101 246.7401100 246.7401098 152.4984863 246.7401084 246.7401070 246.7401310 246.7401246 246.7401284 246.7401322 246.7401427 246.7401590 246.7401658 246.7401912 246.7402052 246.7399988 246.7398478 152.4984863 152.4984863 244.1111099 0.005005051308 0.001511487179 0.002574821262 0.01590168678 0.01087285372 0.1056788351 0.4034507813 0.4326888298 153.5735680 296.6098005 353.7871514 13.03066886 373.1875025 394.1165182 418.3821442 425.2401010 455.4303771 464.5617349 468.5917952 477.1290435 500.8328291 523.6620175 536.6809001 544.2537134 569.1106338 111.6536800 73.65298225 604.5503455 621.2710890 637.8179845 654.0889167 701.5119062 734.5352445 843.5019978 899.4429196 920.9510902 989.9998430 1096.170547 1418.592388 1385.816266 1465.078775 1758.849363 2141.147046 2454.013801 3413.227199 3566.041164 3873.012149 4072.881983 4420.524546 4753.073893 4933.495775 5975.121489 6621.528515 7338.424007 7543.956579 7648.626627 9077.568532 9180.154374 9467.731251 9885.425919 10326.19678 10839.85788 11755.33023 12161.87739 13065.48663 14839.09579 14380.38444 15361.60013 17467.46677 17816.60436 20345.53668 20819.55525 22013.05138 24999.61721 25510.34481 27743.49617 28577.51057 32880.39405 38512.10788 40347.68495 46126.06412 50621.66834 56106.13291 87183.28095 137244.5295 862979.4197 2550068.982 2210924.296 246.7401103
      sorted:	 0.001511487179 0.002574821262 0.005005051308 0.01087285372 0.01590168678 0.1056788351 0.4034507813 0.4326888298 13.03066886 73.65298225 111.6536800 152.4984863 152.4984863 152.4984863 152.4984863 152.4984863 152.4984863 152.4984863 152.4984863 152.4984863 152.4984863 152.4984863 152.4984863 152.4984863 152.4984863 152.4984863 152.4984863 152.4984863 152.4984863 152.4984863 152.4984863 152.4984863 152.4984863 152.4984863 152.4984863 152.4984863 153.5735680 244.1111099 246.7398478 246.7399988 246.7401070 246.7401084 246.7401098 246.7401100 246.7401101 246.7401101 246.7401103 246.7401103 246.7401103 246.7401103 246.7401103 246.7401103 246.7401103 246.7401103 246.7401103 246.7401103 246.7401103 246.7401103 246.7401103 246.7401103 246.7401103 246.7401103 246.7401103 246.7401103 246.7401103 246.7401103 246.7401103 246.7401103 246.7401103 246.7401103 246.7401103 246.7401103 246.7401103 246.7401103 246.7401103 246.7401103 246.7401103 246.7401103 246.7401103 246.7401246 246.7401284 246.7401310 246.7401322 246.7401427 246.7401590 246.7401658 246.7401912 246.7402052 296.6098005 353.7871514 373.1875025 394.1165182 418.3821442 425.2401010 455.4303771 464.5617349 468.5917952 477.1290435 500.8328291 523.6620175 536.6809001 544.2537134 569.1106338 604.5503455 621.2710890 637.8179845 654.0889167 701.5119062 734.5352445 843.5019978 899.4429196 920.9510902 989.9998430 1096.170547 1385.816266 1418.592388 1465.078775 1758.849363 2141.147046 2454.013801 3413.227199 3566.041164 3873.012149 4072.881983 4420.524546 4753.073893 4933.495775 5975.121489 6621.528515 7338.424007 7543.956579 7648.626627 9077.568532 9180.154374 9467.731251 9885.425919 10326.19678 10839.85788 11755.33023 12161.87739 13065.48663 14380.38444 14839.09579 15361.60013 17467.46677 17816.60436 20345.53668 20819.55525 22013.05138 24999.61721 25510.34481 27743.49617 28577.51057 32880.39405 38512.10788 40347.68495 46126.06412 50621.66834 56106.13291 87183.28095 137244.5295 862979.4197 2210924.296 2550068.982
