    unsorted:	 230.0181075 230.0181075 230.0181075 230.0181075 230.0181075 230.0181075 230.0181075 230.0181075 230.0181075 230.0181075 230.0181075 230.0181075 230.0181075 230.0181075 230.0181075 230.0181075 246.7401104 246.7401104 246.7401104 246.7401103 246.7401102 246.7401099 246.7401099 246.7401101 246.7401097 246.7401113 246.7401114 246.7401113 246.7401114 246.7401112 246.7401108 246.7401116 246.7401095 246.7401094 246.7401122 246.7401087 246.7401129 246.7401130 246.7401083 246.7401133 246.7401134 246.7401079 246.7401071 246.7401141 246.7401148 246.7401044 246.7400993 227.4032481 239.8803082 240.7013733 219.2231388 207.8265184 274.9099732 282.1037701 196.0929372 171.2242287 326.8937112 340.3725342 344.2011320 0.01244812865 0.006500053411 0.02167387363 0.009145786371 0.2986605100 0.6817116676 372.4165777 6.501734465 95.74855367 51.71969548 460.9224011 447.2501161 471.9448971 484.6828015 516.5398006 538.6611738 552.8308780 610.8703061 613.4254529 628.8424856 650.9037334 664.4086616 686.9666940 728.1170269 740.2894762 746.9551126 766.2266886 780.4416086 801.2607547 892.8947118 909.2636579 945.8031157 956.5982070 999.4998556 1058.857998 1093.854618 1499.187787 1646.287283 1871.214324 2065.930268 2622.963487 2791.101312 3147.942988 3182.809095 3358.137889 3748.340021 3952.640780 4075.725166 4500.357296 4634.784797 4750.053252 5503.418843 5836.404428 6256.452252 6804.568497 7099.589656 7215.485237 7601.684100 7797.791760 8048.000204 8252.791662 8604.776453 9000.518785 9337.667871 9928.644304 10457.97881 11058.06621 12495.32939 13389.80135 14378.00510 13906.10319 14538.20453 14758.54445 15292.38927 15940.53013 16264.68075 17299.98111 18185.48846 18228.36079 18347.67635 19081.55330 19264.20125 19619.25734 19901.92560 20156.62938 21055.27598 21251.95008 22720.14192 23188.06505 23902.92554 24119.22542 24737.47805 24901.25655 25352.03670 25600.08811 26847.11715 27944.51341 28506.57621 92746.09963 483867.7615 612208.9276 2436437.302 2824789.956 247538464.0
      sorted:	 0.006500053411 0.009145786371 0.01244812865 0.02167387363 0.2986605100 0.6817116676 6.501734465 51.71969548 95.74855367 171.2242287 196.0929372 207.8265184 219.2231388 227.4032481 230.0181075 230.0181075 230.0181075 230.0181075 230.0181075 230.0181075 230.0181075 230.0181075 230.0181075 230.0181075 230.0181075 230.0181075 230.0181075 230.0181075 230.0181075 230.0181075 239.8803082 240.7013733 246.7400993 246.7401044 246.7401071 246.7401079 246.7401083 246.7401087 246.7401094 246.7401095 246.7401097 246.7401099 246.7401099 246.7401101 246.7401102 246.7401103 246.7401104 246.7401104 246.7401104 246.7401108 246.7401112 246.7401113 246.7401113 246.7401114 246.7401114 246.7401116 246.7401122 246.7401129 246.7401130 246.7401133 246.7401134 246.7401141 246.7401148 274.9099732 282.1037701 326.8937112 340.3725342 344.2011320 372.4165777 447.2501161 460.9224011 471.9448971 484.6828015 516.5398006 538.6611738 552.8308780 610.8703061 613.4254529 628.8424856 650.9037334 664.4086616 686.9666940 728.1170269 740.2894762 746.9551126 766.2266886 780.4416086 801.2607547 892.8947118 909.2636579 945.8031157 956.5982070 999.4998556 1058.857998 1093.854618 1499.187787 1646.287283 1871.214324 2065.930268 2622.963487 2791.101312 3147.942988 3182.809095 3358.137889 3748.340021 3952.640780 4075.725166 4500.357296 4634.784797 4750.053252 5503.418843 5836.404428 6256.452252 6804.568497 7099.589656 7215.485237 7601.684100 7797.791760 8048.000204 8252.791662 8604.776453 9000.518785 9337.667871 9928.644304 10457.97881 11058.06621 12495.32939 13389.80135 13906.10319 14378.00510 14538.20453 14758.54445 15292.38927 15940.53013 16264.68075 17299.98111 18185.48846 18228.36079 18347.67635 19081.55330 19264.20125 19619.25734 19901.92560 20156.62938 21055.27598 21251.95008 22720.14192 23188.06505 23902.92554 24119.22542 24737.47805 24901.25655 25352.03670 25600.08811 26847.11715 27944.51341 28506.57621 92746.09963 483867.7615 612208.9276 2436437.302 2824789.956 247538464.0
