    unsorted:	 213.6962412 213.6962412 213.6962412 213.6962412 213.6962412 213.6962412 213.6962412 213.6962412 213.6962412 213.6962412 213.6962412 213.6962412 213.6962412 213.6962412 213.6962412 213.6962412 246.7401104 246.7401104 246.7401104 246.7401103 246.7401105 246.7401106 246.7401101 246.7401107 246.7401099 246.7401098 246.7401109 246.7401094 246.7401094 246.7401094 246.7401112 246.7401117 246.7401120 246.7401121 246.7401121 246.7401124 246.7401083 246.7401081 246.7401081 246.7401128 246.7401134 246.7401141 246.7401141 246.7401070 246.7401038 246.7401157 246.7400999 214.3841343 209.8930743 224.0547953 230.9024710 240.5628522 200.0200540 288.4172837 291.3903080 174.2737281 320.8867090 0.01440340957 0.006191925523 0.02201728922 0.009407241683 0.1912116009 0.2585981955 403.0896378 411.6395429 427.1360293 433.0702932 459.9181631 109.2775650 486.6545654 497.7015506 501.7477829 2.910540297 47.99153693 539.9563051 581.3755480 622.3939615 642.1826970 652.2078148 661.0202659 675.9506415 688.0556275 738.1068552 736.5463893 749.2355356 764.0254861 815.0218282 830.2419438 857.6836009 893.0154871 940.9282203 955.0137731 1030.835481 1108.192082 1126.468902 1479.912640 1668.745745 1912.574313 2564.376056 2608.768428 3138.277272 3196.015683 3337.563840 3702.973096 3783.708949 4073.776646 4492.015623 4563.399536 4680.681344 5349.637623 5793.252692 6176.120989 6522.890348 7021.586068 7229.449152 7470.603693 8016.885702 7856.705354 8207.576976 8551.734823 9060.630334 9264.745876 9529.425332 10161.86985 10966.93782 14444.78586 14351.57544 14943.00616 15592.44413 15803.86406 16254.54004 16535.80887 17775.06885 18490.87940 18952.14022 19629.87020 19943.44324 20025.39679 20941.49186 21012.12770 21481.28508 21506.28697 21860.77402 22646.93381 23448.31935 24627.48030 25204.11699 25624.21040 26294.38367 26568.84149 26691.60437 27333.25316 27975.16292 28465.15985 29782.46073 30418.22141 98707.69490 130959.2622 633946.5274 1558720.796 2590227.814 253225491.9
      sorted:	 0.006191925523 0.009407241683 0.01440340957 0.02201728922 0.1912116009 0.2585981955 2.910540297 47.99153693 109.2775650 174.2737281 200.0200540 209.8930743 213.6962412 213.6962412 213.6962412 213.6962412 213.6962412 213.6962412 213.6962412 213.6962412 213.6962412 213.6962412 213.6962412 213.6962412 213.6962412 213.6962412 213.6962412 213.6962412 214.3841343 224.0547953 230.9024710 240.5628522 246.7400999 246.7401038 246.7401070 246.7401081 246.7401081 246.7401083 246.7401094 246.7401094 246.7401094 246.7401098 246.7401099 246.7401101 246.7401103 246.7401104 246.7401104 246.7401104 246.7401105 246.7401106 246.7401107 246.7401109 246.7401112 246.7401117 246.7401120 246.7401121 246.7401121 246.7401124 246.7401128 246.7401134 246.7401141 246.7401141 246.7401157 288.4172837 291.3903080 320.8867090 403.0896378 411.6395429 427.1360293 433.0702932 459.9181631 486.6545654 497.7015506 501.7477829 539.9563051 581.3755480 622.3939615 642.1826970 652.2078148 661.0202659 675.9506415 688.0556275 736.5463893 738.1068552 749.2355356 764.0254861 815.0218282 830.2419438 857.6836009 893.0154871 940.9282203 955.0137731 1030.835481 1108.192082 1126.468902 1479.912640 1668.745745 1912.574313 2564.376056 2608.768428 3138.277272 3196.015683 3337.563840 3702.973096 3783.708949 4073.776646 4492.015623 4563.399536 4680.681344 5349.637623 5793.252692 6176.120989 6522.890348 7021.586068 7229.449152 7470.603693 7856.705354 8016.885702 8207.576976 8551.734823 9060.630334 9264.745876 9529.425332 10161.86985 10966.93782 14351.57544 14444.78586 14943.00616 15592.44413 15803.86406 16254.54004 16535.80887 17775.06885 18490.87940 18952.14022 19629.87020 19943.44324 20025.39679 20941.49186 21012.12770 21481.28508 21506.28697 21860.77402 22646.93381 23448.31935 24627.48030 25204.11699 25624.21040 26294.38367 26568.84149 26691.60437 27333.25316 27975.16292 28465.15985 29782.46073 30418.22141 98707.69490 130959.2622 633946.5274 1558720.796 2590227.814 253225491.9
