    unsorted:	 125.4022151 125.4022151 125.4022151 125.4022151 125.4022151 125.4022151 125.4022151 125.4022151 125.4022151 125.4022151 125.4022151 125.4022151 125.4022151 125.4022151 125.4022151 125.4022151 246.7401105 246.7401105 246.7401105 246.7401102 246.7401102 246.7401100 246.7401099 246.7401099 246.7401116 246.7401117 246.7401119 246.7401118 246.7401112 246.7401121 246.7401094 246.7401091 246.7401089 246.7401129 246.7401133 246.7401132 246.7401139 246.7401079 246.7401144 246.7401075 246.7401147 246.7401070 246.7401157 246.7401054 246.7401174 246.7401017 246.7400938 124.5197749 134.7571506 0.01234217025 0.006055901354 0.02177565830 0.007774828281 0.1641471221 0.2513657843 98.74207542 240.6899710 239.2996046 179.7649242 169.7140346 219.7485682 275.3826421 280.9069087 49.72641201 6.295014829 310.8848597 335.3747593 344.5055221 374.6993257 459.8089377 461.6617949 475.8101507 422.8247223 488.0363468 543.1674538 548.7829064 573.7339031 604.9045536 635.2008698 653.6361266 664.0369945 690.5618717 723.4169866 737.4154209 753.6196244 772.3455313 789.1514273 876.3618844 903.1667939 944.5440933 953.1530884 999.1190036 1056.059280 1087.363159 1377.871314 1581.755008 1718.140070 1838.464131 2285.875372 2414.250962 3040.671059 2967.424957 3141.613441 3489.167696 3841.337495 4287.156027 4418.783430 4626.615984 4929.484729 5430.268038 5787.772741 6075.971586 6606.920084 6733.813154 7109.806913 7516.029031 7718.987477 7903.069858 8149.966761 8493.494012 8896.383445 9226.833724 9812.367579 10567.87104 11836.43438 12383.75467 13485.19677 13850.24586 14288.05380 14465.67199 14750.15094 15213.23446 16042.33420 17165.83428 17364.09259 18200.45912 18092.57463 18259.87340 18939.45277 19136.89118 19491.33579 19839.57824 20068.08630 21158.95110 21298.01144 22572.62578 23106.60828 23816.99554 24106.82912 24763.61182 25060.67629 25326.78208 25499.38009 26471.73892 28020.66028 28342.42190 93544.07172 483631.6833 628091.5674 2448480.073 2841972.839 254482708.0
      sorted:	 0.006055901354 0.007774828281 0.01234217025 0.02177565830 0.1641471221 0.2513657843 6.295014829 49.72641201 98.74207542 124.5197749 125.4022151 125.4022151 125.4022151 125.4022151 125.4022151 125.4022151 125.4022151 125.4022151 125.4022151 125.4022151 125.4022151 125.4022151 125.4022151 125.4022151 125.4022151 125.4022151 134.7571506 169.7140346 179.7649242 219.7485682 239.2996046 240.6899710 246.7400938 246.7401017 246.7401054 246.7401070 246.7401075 246.7401079 246.7401089 246.7401091 246.7401094 246.7401099 246.7401099 246.7401100 246.7401102 246.7401102 246.7401105 246.7401105 246.7401105 246.7401112 246.7401116 246.7401117 246.7401118 246.7401119 246.7401121 246.7401129 246.7401132 246.7401133 246.7401139 246.7401144 246.7401147 246.7401157 246.7401174 275.3826421 280.9069087 310.8848597 335.3747593 344.5055221 374.6993257 422.8247223 459.8089377 461.6617949 475.8101507 488.0363468 543.1674538 548.7829064 573.7339031 604.9045536 635.2008698 653.6361266 664.0369945 690.5618717 723.4169866 737.4154209 753.6196244 772.3455313 789.1514273 876.3618844 903.1667939 944.5440933 953.1530884 999.1190036 1056.059280 1087.363159 1377.871314 1581.755008 1718.140070 1838.464131 2285.875372 2414.250962 2967.424957 3040.671059 3141.613441 3489.167696 3841.337495 4287.156027 4418.783430 4626.615984 4929.484729 5430.268038 5787.772741 6075.971586 6606.920084 6733.813154 7109.806913 7516.029031 7718.987477 7903.069858 8149.966761 8493.494012 8896.383445 9226.833724 9812.367579 10567.87104 11836.43438 12383.75467 13485.19677 13850.24586 14288.05380 14465.67199 14750.15094 15213.23446 16042.33420 17165.83428 17364.09259 18092.57463 18200.45912 18259.87340 18939.45277 19136.89118 19491.33579 19839.57824 20068.08630 21158.95110 21298.01144 22572.62578 23106.60828 23816.99554 24106.82912 24763.61182 25060.67629 25326.78208 25499.38009 26471.73892 28020.66028 28342.42190 93544.07172 483631.6833 628091.5674 2448480.073 2841972.839 254482708.0
