    unsorted:	 246.7401103 246.7401103 246.7401103 246.7401103 246.7401103 246.7401103 246.7401103 246.7401103 246.7401103 246.7401103 246.7401103 246.7401103 246.7401103 246.7401103 246.7401103 246.7401103 246.7401103 246.7401103 246.7401103 246.7401103 246.7401103 246.7401103 246.7401103 246.7401103 246.7401103 246.7401103 152.4984863 246.7401103 246.7401103 246.7401103 246.7401103 152.4984863 152.4984863 152.4984863 152.4984863 152.4984863 152.4984863 152.4984863 152.4984863 152.4984863 152.4984863 152.4984863 246.7401100 246.7401099 246.7401094 246.7401108 246.7401094 246.7401090 246.7401118 246.7401137 246.7401059 152.4984863 152.4984863 152.4984863 152.4984863 152.4984863 152.4984863 152.4984863 152.4984863 0.005053782460 0.005320390941 0.006440260306 0.003908562230 0.05891317161 0.09588078963 0.4372488484 244.3830579 409.8320103 418.8776895 414.7909278 422.3566894 395.5406367 391.0553749 381.9321124 377.8492090 437.7795450 442.0534932 447.0122332 450.7343802 368.5337744 360.9617128 468.0410432 332.4418008 320.9607167 480.5179530 280.6037310 501.2841304 513.4144982 528.0133254 554.4054617 555.0308570 133.2950623 591.1049448 601.9141151 619.0849225 50.45772554 642.4883762 76.96529150 695.1833314 755.7225499 791.0945709 853.0483391 1007.273522 1314.104170 1362.673381 2129.418064 2720.634932 3147.354572 3442.303285 4203.787065 4554.006673 4977.383815 5070.632896 5405.973822 5597.635730 6092.645588 6427.278986 6629.790667 7135.723828 7761.433960 8022.161732 8571.297219 8886.541423 9217.970183 9721.908644 10073.19478 10623.88547 11128.52044 12182.28926 12335.26622 12887.23619 13112.07400 13446.44762 13856.91563 14375.66987 14599.28405 15114.76786 15524.88308 16479.76717 18269.18793 18870.86755 19254.39502 20905.90051 21351.86858 21715.78417 24115.50077 25990.91313 27208.56222 29624.92584 29941.58669 33484.83296 34323.64567 38728.89667 44467.82420 49473.57933 54020.54563 58993.20088 65667.95257 129355.9347 224120.6730 1451593.062 2566948.853 4522245.353 246.7401103
      sorted:	 0.003908562230 0.005053782460 0.005320390941 0.006440260306 0.05891317161 0.09588078963 0.4372488484 50.45772554 76.96529150 133.2950623 152.4984863 152.4984863 152.4984863 152.4984863 152.4984863 152.4984863 152.4984863 152.4984863 152.4984863 152.4984863 152.4984863 152.4984863 152.4984863 152.4984863 152.4984863 152.4984863 152.4984863 152.4984863 152.4984863 152.4984863 244.3830579 246.7401059 246.7401090 246.7401094 246.7401094 246.7401099 246.7401100 246.7401103 246.7401103 246.7401103 246.7401103 246.7401103 246.7401103 246.7401103 246.7401103 246.7401103 246.7401103 246.7401103 246.7401103 246.7401103 246.7401103 246.7401103 246.7401103 246.7401103 246.7401103 246.7401103 246.7401103 246.7401103 246.7401103 246.7401103 246.7401103 246.7401103 246.7401103 246.7401103 246.7401103 246.7401103 246.7401103 246.7401103 246.7401108 246.7401118 246.7401137 280.6037310 320.9607167 332.4418008 360.9617128 368.5337744 377.8492090 381.9321124 391.0553749 395.5406367 409.8320103 414.7909278 418.8776895 422.3566894 437.7795450 442.0534932 447.0122332 450.7343802 468.0410432 480.5179530 501.2841304 513.4144982 528.0133254 554.4054617 555.0308570 591.1049448 601.9141151 619.0849225 642.4883762 695.1833314 755.7225499 791.0945709 853.0483391 1007.273522 1314.104170 1362.673381 2129.418064 2720.634932 3147.354572 3442.303285 4203.787065 4554.006673 4977.383815 5070.632896 5405.973822 5597.635730 6092.645588 6427.278986 6629.790667 7135.723828 7761.433960 8022.161732 8571.297219 8886.541423 9217.970183 9721.908644 10073.19478 10623.88547 11128.52044 12182.28926 12335.26622 12887.23619 13112.07400 13446.44762 13856.91563 14375.66987 14599.28405 15114.76786 15524.88308 16479.76717 18269.18793 18870.86755 19254.39502 20905.90051 21351.86858 21715.78417 24115.50077 25990.91313 27208.56222 29624.92584 29941.58669 33484.83296 34323.64567 38728.89667 44467.82420 49473.57933 54020.54563 58993.20088 65667.95257 129355.9347 224120.6730 1451593.062 2566948.853 4522245.353
