    unsorted:	 246.7401103 246.7401103 246.7401103 246.7401103 246.7401103 246.7401103 246.7401103 246.7401103 246.7401103 246.7401102 246.7401102 246.7401097 246.7401097 246.7401096 246.7401096 246.7401097 246.7401099 246.7401095 246.7401095 246.7401107 246.7401108 246.7401092 246.7401111 246.7401121 246.7401119 246.7401134 246.7401137 246.7401145 246.7401153 246.7401060 113.7539797 113.7539797 113.7539797 113.7539797 113.7539797 113.7539797 113.7539797 113.7539797 113.7539797 113.7539797 113.7539797 113.7539797 113.7539797 113.7539797 246.7400965 113.7539797 113.7539797 239.9884335 281.9719869 0.005055624528 0.005117585677 0.01068748447 0.006314028908 0.009025224987 0.08385255481 1.195567196 301.0858112 156.2085429 150.3940594 144.0373288 110.4764095 105.1448128 464.8034636 463.8496554 459.3804280 492.8384254 401.6311085 521.5799137 513.8995770 527.5300374 534.7541852 558.1615621 573.4672318 582.2513129 610.4319222 613.4139964 601.6949185 620.8628258 650.2927661 653.1636994 671.5508959 668.7561404 682.4280854 688.4165702 692.9391934 704.8807102 716.2808156 719.6430284 732.2404366 741.8509255 752.7386560 18.16034632 788.2862674 793.1974887 940.5854013 1099.925498 1313.065097 1415.403275 1605.663717 1749.492244 2467.084093 2867.385054 3114.281506 3100.251553 3310.212370 3699.984331 3980.554041 4233.963806 4467.579388 5068.660750 5219.330841 5480.272394 5781.731710 6398.480818 6601.179730 7354.179254 7507.025695 7841.051453 8261.678886 8866.386011 9179.019640 9852.954478 10201.50778 11277.69313 11366.36526 35730.04447 35840.80411 36036.26882 36323.58504 37142.85295 37983.84126 38833.24925 39228.67288 39756.63128 39900.57082 33928.11689 40578.54889 41401.40424 43694.55253 43948.51609 30889.52797 28135.15074 45814.11972 46593.22522 47436.44928 47192.96560 48270.06559 49159.71441 49547.23446 49900.20601 52106.32808 53020.27268 53933.50573 54467.85797 56771.43268 58559.59345 93375.86008 312216.2377 1081392.294 2048233.196 2593701.122 286448344.5
      sorted:	 0.005055624528 0.005117585677 0.006314028908 0.009025224987 0.01068748447 0.08385255481 1.195567196 18.16034632 105.1448128 110.4764095 113.7539797 113.7539797 113.7539797 113.7539797 113.7539797 113.7539797 113.7539797 113.7539797 113.7539797 113.7539797 113.7539797 113.7539797 113.7539797 113.7539797 113.7539797 113.7539797 144.0373288 150.3940594 156.2085429 239.9884335 246.7400965 246.7401060 246.7401092 246.7401095 246.7401095 246.7401096 246.7401096 246.7401097 246.7401097 246.7401097 246.7401099 246.7401102 246.7401102 246.7401103 246.7401103 246.7401103 246.7401103 246.7401103 246.7401103 246.7401103 246.7401103 246.7401103 246.7401107 246.7401108 246.7401111 246.7401119 246.7401121 246.7401134 246.7401137 246.7401145 246.7401153 281.9719869 301.0858112 401.6311085 459.3804280 463.8496554 464.8034636 492.8384254 513.8995770 521.5799137 527.5300374 534.7541852 558.1615621 573.4672318 582.2513129 601.6949185 610.4319222 613.4139964 620.8628258 650.2927661 653.1636994 668.7561404 671.5508959 682.4280854 688.4165702 692.9391934 704.8807102 716.2808156 719.6430284 732.2404366 741.8509255 752.7386560 788.2862674 793.1974887 940.5854013 1099.925498 1313.065097 1415.403275 1605.663717 1749.492244 2467.084093 2867.385054 3100.251553 3114.281506 3310.212370 3699.984331 3980.554041 4233.963806 4467.579388 5068.660750 5219.330841 5480.272394 5781.731710 6398.480818 6601.179730 7354.179254 7507.025695 7841.051453 8261.678886 8866.386011 9179.019640 9852.954478 10201.50778 11277.69313 11366.36526 28135.15074 30889.52797 33928.11689 35730.04447 35840.80411 36036.26882 36323.58504 37142.85295 37983.84126 38833.24925 39228.67288 39756.63128 39900.57082 40578.54889 41401.40424 43694.55253 43948.51609 45814.11972 46593.22522 47192.96560 47436.44928 48270.06559 49159.71441 49547.23446 49900.20601 52106.32808 53020.27268 53933.50573 54467.85797 56771.43268 58559.59345 93375.86008 312216.2377 1081392.294 2048233.196 2593701.122 286448344.5
