    unsorted:	 8.935674633
      sorted:	 8.935674633
