    unsorted:	 246.7401103 246.7401103 246.7401103 246.7401103 246.7401103 246.7401103 246.7401103 246.7401103 246.7401103 246.7401103 246.7401103 246.7401103 246.7401103 246.7401104 246.7401104 246.7401104 246.7401103 246.7401101 246.7401104 246.7401100 72.15545494 72.15545494 72.15545494 72.15545494 72.15545494 72.15545494 72.15545494 72.15545494 72.15545494 72.15545494 72.15545494 72.15545494 72.15545494 72.15545494 72.15545494 72.15545494 246.7401119 246.7401119 246.7401119 246.7401115 246.7401091 246.7401090 246.7401126 246.7401079 246.7401130 246.7401164 246.7401040 259.2971755 227.1898356 0.005039861029 0.004194479504 0.01131199278 0.009556504430 0.08084293295 0.1558450725 1.162941593 207.9181322 337.3602052 491.8938078 492.4474908 483.6299753 474.1952126 514.4788217 547.4548982 556.7705491 566.1923947 574.1981637 582.8514378 595.6382068 612.8414864 620.1090307 641.4710204 636.7260885 666.6237526 666.2362484 678.6785320 685.3113881 711.1246896 712.1432161 720.9711518 422.2503934 733.3317986 741.2242967 368.4544002 763.0753059 761.7622154 777.2658665 789.0072745 129.4914400 90.94848001 73.05071730 838.5913866 850.2520760 1086.314355 1257.093422 1548.378343 1970.848297 2003.428050 3091.458569 3285.660954 3747.381468 3894.225674 3993.165688 4370.604959 4434.163500 4760.018618 5075.496796 5640.452189 5929.272758 6108.384491 6545.813103 7001.037261 8071.409748 8385.891955 8762.323053 9076.224531 9931.456556 10283.56922 10687.47933 11030.28087 11469.78642 12645.64957 12925.73214 39463.86986 40289.19675 39969.60551 40903.56685 42733.08385 42422.35145 43026.25442 41616.72525 44175.51319 44220.96713 38438.83766 36244.09173 34500.84797 46143.50885 47152.88833 47433.39372 48669.23884 49368.09922 50209.63057 50894.96007 30724.46313 51979.98072 53342.28307 53482.98494 54321.88605 55277.41438 55953.49823 57381.69669 58437.26594 60717.69425 64643.16199 107089.6121 364630.1338 1309364.120 2562605.755 2840565.057 -9889853.548 240049294.2
      sorted:	 -9889853.548 0.004194479504 0.005039861029 0.009556504430 0.01131199278 0.08084293295 0.1558450725 1.162941593 72.15545494 72.15545494 72.15545494 72.15545494 72.15545494 72.15545494 72.15545494 72.15545494 72.15545494 72.15545494 72.15545494 72.15545494 72.15545494 72.15545494 72.15545494 72.15545494 73.05071730 90.94848001 129.4914400 207.9181322 227.1898356 246.7401040 246.7401079 246.7401090 246.7401091 246.7401100 246.7401101 246.7401103 246.7401103 246.7401103 246.7401103 246.7401103 246.7401103 246.7401103 246.7401103 246.7401103 246.7401103 246.7401103 246.7401103 246.7401103 246.7401103 246.7401104 246.7401104 246.7401104 246.7401104 246.7401115 246.7401119 246.7401119 246.7401119 246.7401126 246.7401130 246.7401164 259.2971755 337.3602052 368.4544002 422.2503934 474.1952126 483.6299753 491.8938078 492.4474908 514.4788217 547.4548982 556.7705491 566.1923947 574.1981637 582.8514378 595.6382068 612.8414864 620.1090307 636.7260885 641.4710204 666.2362484 666.6237526 678.6785320 685.3113881 711.1246896 712.1432161 720.9711518 733.3317986 741.2242967 761.7622154 763.0753059 777.2658665 789.0072745 838.5913866 850.2520760 1086.314355 1257.093422 1548.378343 1970.848297 2003.428050 3091.458569 3285.660954 3747.381468 3894.225674 3993.165688 4370.604959 4434.163500 4760.018618 5075.496796 5640.452189 5929.272758 6108.384491 6545.813103 7001.037261 8071.409748 8385.891955 8762.323053 9076.224531 9931.456556 10283.56922 10687.47933 11030.28087 11469.78642 12645.64957 12925.73214 30724.46313 34500.84797 36244.09173 38438.83766 39463.86986 39969.60551 40289.19675 40903.56685 41616.72525 42422.35145 42733.08385 43026.25442 44175.51319 44220.96713 46143.50885 47152.88833 47433.39372 48669.23884 49368.09922 50209.63057 50894.96007 51979.98072 53342.28307 53482.98494 54321.88605 55277.41438 55953.49823 57381.69669 58437.26594 60717.69425 64643.16199 107089.6121 364630.1338 1309364.120 2562605.755 2840565.057 240049294.2
