    unsorted:	 246.7401103 246.7401103 246.7401103 246.7401103 246.7401103 246.7401103 246.7401103 246.7401103 246.7401103 246.7401103 246.7401103 246.7401103 246.7401103 246.7401103 102.5135813 102.5135813 102.5135813 102.5135813 102.5135813 102.5135813 102.5135813 102.5135813 102.5135813 102.5135813 102.5135813 102.5135813 102.5135813 102.5135813 102.5135813 102.5135813 246.7401103 246.7401102 246.7401105 246.7401101 246.7401100 246.7401099 246.7401097 246.7401109 246.7401124 246.7401075 246.7401067 246.7401022 246.1398663 245.1840145 238.9470990 235.9332433 276.1886778 287.0153455 363.6526303 437.3753100 475.1629276 476.4201745 490.4519983 495.1759012 504.7237123 511.6006740 516.1640330 532.3721023 538.0678716 551.5514141 545.6744559 559.6690627 567.2841153 574.1719459 599.6131207 594.0381261 602.5551301 397.8838674 351.3908528 621.9961293 635.2783886 642.6982686 643.9917477 654.5767316 664.9184062 671.1875825 679.3092033 692.2499276 701.0681938 186.9081844 0.005033648348 0.004136656484 0.01132938259 0.05460077299 1.327041226 132.4923651 99.95829680 747.7318493 16.56263230 783.8583825 845.2016113 1015.824821 1545.767556 1877.400234 1962.401989 2626.667104 2930.092502 3554.674254 3845.684794 4026.245720 4098.287215 4464.150335 4793.278952 5003.934253 5402.192806 5574.173713 6230.179152 6436.441404 6461.254474 7018.198299 7311.498870 7710.599818 8314.126395 8804.482400 9110.325691 9445.049600 10293.49722 10663.90478 10980.94278 11730.81285 12711.04236 -6253.093038 49532.44655 49169.32974 49970.08305 48364.14354 50559.77475 51581.00188 47528.62894 52316.28986 52985.31436 45894.43182 43976.28851 54904.80877 42011.45566 57091.36425 58368.82987 58745.00181 59966.05021 60803.29898 61811.32360 62581.74054 63752.32165 64212.33818 65338.09723 65724.30656 36070.41578 67027.61490 29802.73046 68369.54909 70037.29439 70965.08664 76527.76715 171609.9084 511508.6950 1502339.096 2568960.163 2860646.857 271537233.7 -2.455939240e+17 3.143265644e+17 246.7401047
      sorted:	 -2.455939240e+17 -6253.093038 0.004136656484 0.005033648348 0.01132938259 0.05460077299 1.327041226 16.56263230 99.95829680 102.5135813 102.5135813 102.5135813 102.5135813 102.5135813 102.5135813 102.5135813 102.5135813 102.5135813 102.5135813 102.5135813 102.5135813 102.5135813 102.5135813 102.5135813 102.5135813 132.4923651 186.9081844 235.9332433 238.9470990 245.1840145 246.1398663 246.7401022 246.7401047 246.7401067 246.7401075 246.7401097 246.7401099 246.7401100 246.7401101 246.7401102 246.7401103 246.7401103 246.7401103 246.7401103 246.7401103 246.7401103 246.7401103 246.7401103 246.7401103 246.7401103 246.7401103 246.7401103 246.7401103 246.7401103 246.7401103 246.7401105 246.7401109 246.7401124 276.1886778 287.0153455 351.3908528 363.6526303 397.8838674 437.3753100 475.1629276 476.4201745 490.4519983 495.1759012 504.7237123 511.6006740 516.1640330 532.3721023 538.0678716 545.6744559 551.5514141 559.6690627 567.2841153 574.1719459 594.0381261 599.6131207 602.5551301 621.9961293 635.2783886 642.6982686 643.9917477 654.5767316 664.9184062 671.1875825 679.3092033 692.2499276 701.0681938 747.7318493 783.8583825 845.2016113 1015.824821 1545.767556 1877.400234 1962.401989 2626.667104 2930.092502 3554.674254 3845.684794 4026.245720 4098.287215 4464.150335 4793.278952 5003.934253 5402.192806 5574.173713 6230.179152 6436.441404 6461.254474 7018.198299 7311.498870 7710.599818 8314.126395 8804.482400 9110.325691 9445.049600 10293.49722 10663.90478 10980.94278 11730.81285 12711.04236 29802.73046 36070.41578 42011.45566 43976.28851 45894.43182 47528.62894 48364.14354 49169.32974 49532.44655 49970.08305 50559.77475 51581.00188 52316.28986 52985.31436 54904.80877 57091.36425 58368.82987 58745.00181 59966.05021 60803.29898 61811.32360 62581.74054 63752.32165 64212.33818 65338.09723 65724.30656 67027.61490 68369.54909 70037.29439 70965.08664 76527.76715 171609.9084 511508.6950 1502339.096 2568960.163 2860646.857 271537233.7 3.143265644e+17
