    unsorted:	 246.7401103 246.7401103 246.7401103 246.7401103 246.7401103 246.7401103 246.7401103 246.7401103 246.7401103 246.7401103 246.7401103 246.7401103 246.7401103 246.7401103 246.7401103 246.7401103 246.7401103 246.7401103 246.7401103 246.7401103 246.7401103 246.7401103 246.7401103 246.7401103 246.7401103 246.7401103 246.7401102 246.7401102 246.7401102 246.7401103 246.7401102 246.7401102 246.7401106 246.7401107 246.7401099 152.4984863 152.4984863 152.4984863 152.4984863 152.4984863 152.4984863 152.4984863 152.4984863 152.4984863 152.4984863 152.4984863 152.4984863 152.4984863 152.4984863 152.4984863 152.4984863 152.4984863 244.3865062 152.4984863 234.7533720 320.8333076 333.6391265 345.8606515 352.4388835 368.1016532 388.0120643 382.8433488 393.8879196 399.0584950 407.4208770 420.5933993 423.0444738 433.3960516 444.4392310 452.5240995 456.1723945 461.7041060 473.6973369 199.4503246 491.1720309 506.4383329 522.1055886 536.2012557 0.005068020075 0.005268887082 0.005582934435 0.06249462612 0.08917652180 0.4399623125 135.5349624 126.3281895 1.660523092 561.6823222 577.1475281 580.2150521 602.1976050 48.28090584 16.45781302 617.4900172 634.3913756 658.2305001 707.3418611 769.0564829 865.0007288 901.3823528 1010.188389 1325.938143 1624.479036 2316.008571 2923.674830 3329.526639 3554.337678 4260.875177 4692.668057 4894.183835 5110.707954 5432.885706 5627.936491 5968.215997 6472.388975 6621.244285 7095.730114 7843.473692 7720.939738 8434.900044 8286.895900 8858.696566 9191.864590 9264.981408 10028.47963 10100.28331 10690.62245 11115.48269 12189.12151 12252.71080 12843.64496 13000.79207 13399.81159 13780.42783 14366.33382 14629.32960 15266.91764 16278.52702 17351.70913 18223.64396 18854.56302 19473.63596 20875.28635 21353.54004 21719.26186 24055.34221 26027.45681 27237.71580 29643.58286 29908.39134 33445.11046 34276.28138 38680.66586 44396.86126 49329.23514 53854.20134 58895.28185 65569.46658 130155.4787 226943.7738 1482875.068 2567112.449 4538652.576 246.7401103
      sorted:	 0.005068020075 0.005268887082 0.005582934435 0.06249462612 0.08917652180 0.4399623125 1.660523092 16.45781302 48.28090584 126.3281895 135.5349624 152.4984863 152.4984863 152.4984863 152.4984863 152.4984863 152.4984863 152.4984863 152.4984863 152.4984863 152.4984863 152.4984863 152.4984863 152.4984863 152.4984863 152.4984863 152.4984863 152.4984863 152.4984863 199.4503246 234.7533720 244.3865062 246.7401099 246.7401102 246.7401102 246.7401102 246.7401102 246.7401102 246.7401103 246.7401103 246.7401103 246.7401103 246.7401103 246.7401103 246.7401103 246.7401103 246.7401103 246.7401103 246.7401103 246.7401103 246.7401103 246.7401103 246.7401103 246.7401103 246.7401103 246.7401103 246.7401103 246.7401103 246.7401103 246.7401103 246.7401103 246.7401103 246.7401103 246.7401103 246.7401103 246.7401103 246.7401106 246.7401107 320.8333076 333.6391265 345.8606515 352.4388835 368.1016532 382.8433488 388.0120643 393.8879196 399.0584950 407.4208770 420.5933993 423.0444738 433.3960516 444.4392310 452.5240995 456.1723945 461.7041060 473.6973369 491.1720309 506.4383329 522.1055886 536.2012557 561.6823222 577.1475281 580.2150521 602.1976050 617.4900172 634.3913756 658.2305001 707.3418611 769.0564829 865.0007288 901.3823528 1010.188389 1325.938143 1624.479036 2316.008571 2923.674830 3329.526639 3554.337678 4260.875177 4692.668057 4894.183835 5110.707954 5432.885706 5627.936491 5968.215997 6472.388975 6621.244285 7095.730114 7720.939738 7843.473692 8286.895900 8434.900044 8858.696566 9191.864590 9264.981408 10028.47963 10100.28331 10690.62245 11115.48269 12189.12151 12252.71080 12843.64496 13000.79207 13399.81159 13780.42783 14366.33382 14629.32960 15266.91764 16278.52702 17351.70913 18223.64396 18854.56302 19473.63596 20875.28635 21353.54004 21719.26186 24055.34221 26027.45681 27237.71580 29643.58286 29908.39134 33445.11046 34276.28138 38680.66586 44396.86126 49329.23514 53854.20134 58895.28185 65569.46658 130155.4787 226943.7738 1482875.068 2567112.449 4538652.576
