    unsorted:	 246.7401103 246.7401103 246.7401103 246.7401103 246.7401103 246.7401103 246.7401103 246.7401103 246.7401103 246.7401103 246.7401103 246.7401103 246.7401103 246.7401103 246.7401103 246.7401103 246.7401103 246.7401103 246.7401103 246.7401103 246.7401102 246.7401102 246.7401102 246.7401102 246.7401103 246.7401102 246.7401103 246.7401102 246.7401104 246.7401105 246.7401105 246.7401100 152.4984863 152.4984863 152.4984863 152.4984863 152.4984863 152.4984863 152.4984863 152.4984863 152.4984863 152.4984863 152.4984863 152.4984863 152.4984863 152.4984863 152.4984863 152.4984863 244.0525866 258.5766041 325.0622166 390.4796781 390.7668694 398.0083492 403.8165006 376.5013718 379.6134675 410.3113286 351.9696985 342.6373650 432.6355527 435.2532686 444.0022954 457.2147100 463.5149256 467.7634372 476.2391185 288.1973076 283.6263761 297.5468832 486.1319886 496.3566789 523.4767529 211.5015907 558.5028035 547.9762301 576.7781831 588.7389523 0.005288023320 0.005060859745 0.005020453908 0.06075636820 0.08778881790 0.4412926304 619.9528327 128.9514904 3.336919018 641.9624043 46.76046737 69.98296135 661.8101828 716.4116093 733.4292589 731.8618918 838.9085812 893.1177728 969.2558652 1043.502289 1114.157635 1359.243472 1868.188415 2124.690245 2715.910731 2770.451400 3123.263058 3346.179435 3799.933491 4280.616146 4735.513250 4874.445757 5118.788958 5432.305041 5662.227293 5883.483032 6391.474227 6711.182727 7092.762007 7640.203880 7858.352064 8328.465020 8593.524879 8840.419710 8983.237793 9196.480094 9724.292241 10151.48219 10444.36066 10708.59176 11263.37032 12153.06221 12307.00365 12822.72666 12920.70607 13222.33992 13477.24521 13608.48528 14454.50682 15042.39146 15514.91656 16217.37156 18005.92638 18289.61216 18917.87289 20943.47842 20529.59123 21374.97917 24093.40702 25866.63945 27162.97463 29668.45993 29918.60171 33430.35206 34278.06845 38594.71308 44411.74535 49109.47761 53631.49847 58799.47587 65452.56712 127751.5266 221586.4196 1493498.673 2582231.219 4538201.517
      sorted:	 0.005020453908 0.005060859745 0.005288023320 0.06075636820 0.08778881790 0.4412926304 3.336919018 46.76046737 69.98296135 128.9514904 152.4984863 152.4984863 152.4984863 152.4984863 152.4984863 152.4984863 152.4984863 152.4984863 152.4984863 152.4984863 152.4984863 152.4984863 152.4984863 152.4984863 152.4984863 152.4984863 211.5015907 244.0525866 246.7401100 246.7401102 246.7401102 246.7401102 246.7401102 246.7401102 246.7401102 246.7401103 246.7401103 246.7401103 246.7401103 246.7401103 246.7401103 246.7401103 246.7401103 246.7401103 246.7401103 246.7401103 246.7401103 246.7401103 246.7401103 246.7401103 246.7401103 246.7401103 246.7401103 246.7401103 246.7401103 246.7401103 246.7401103 246.7401104 246.7401105 246.7401105 258.5766041 283.6263761 288.1973076 297.5468832 325.0622166 342.6373650 351.9696985 376.5013718 379.6134675 390.4796781 390.7668694 398.0083492 403.8165006 410.3113286 432.6355527 435.2532686 444.0022954 457.2147100 463.5149256 467.7634372 476.2391185 486.1319886 496.3566789 523.4767529 547.9762301 558.5028035 576.7781831 588.7389523 619.9528327 641.9624043 661.8101828 716.4116093 731.8618918 733.4292589 838.9085812 893.1177728 969.2558652 1043.502289 1114.157635 1359.243472 1868.188415 2124.690245 2715.910731 2770.451400 3123.263058 3346.179435 3799.933491 4280.616146 4735.513250 4874.445757 5118.788958 5432.305041 5662.227293 5883.483032 6391.474227 6711.182727 7092.762007 7640.203880 7858.352064 8328.465020 8593.524879 8840.419710 8983.237793 9196.480094 9724.292241 10151.48219 10444.36066 10708.59176 11263.37032 12153.06221 12307.00365 12822.72666 12920.70607 13222.33992 13477.24521 13608.48528 14454.50682 15042.39146 15514.91656 16217.37156 18005.92638 18289.61216 18917.87289 20529.59123 20943.47842 21374.97917 24093.40702 25866.63945 27162.97463 29668.45993 29918.60171 33430.35206 34278.06845 38594.71308 44411.74535 49109.47761 53631.49847 58799.47587 65452.56712 127751.5266 221586.4196 1493498.673 2582231.219 4538201.517
