    unsorted:	 152.4984863 152.4984863 152.4984863 152.4984863 152.4984863 152.4984863 152.4984863 152.4984863 152.4984863 152.4984863 152.4984863 152.4984863 152.4984863 152.4984863 152.4984863 152.4984863 246.7401101 246.7401101 246.7401118 246.7401092 246.7401085 246.7401109 246.7401056 246.7401052 246.7401148 246.7401189 246.7401234 246.7401240 246.7401249 246.7401003 246.7400989 246.7401317 246.7401307 246.7401328 246.7401342 246.7401345 246.7400901 246.7400902 246.7400886 246.7400853 246.7401446 246.7401456 246.7401588 246.7401604 246.7400697 246.7400638 246.7401717 246.7400436 0.01416209466 0.02103910385 0.003635282315 0.01164167808 0.08006323150 0.1321978513 134.6011277 244.1430437 201.3191815 207.5563652 238.7168231 259.9080792 285.0035723 10.50058652 297.4116956 308.3481038 374.5723141 372.8849228 378.8943355 390.0254390 350.5536445 392.9415453 405.3281952 427.3267983 438.9026565 458.5356083 465.7351335 470.6774720 487.6970834 496.9200472 502.0078163 520.2428770 532.6227656 549.4275580 564.2091824 36.96109077 651.5479283 672.5480069 683.8171108 703.3154715 721.8336819 767.4258235 804.9900757 829.1220869 912.4025057 919.4842863 933.9407124 1044.858417 1111.689698 1560.876015 1652.346279 1740.858556 2053.827216 2334.307670 2532.170301 2687.225303 2955.963244 3254.820159 3374.579655 3516.998759 3610.331518 3878.173698 3985.031896 4157.379770 4297.889833 4399.354322 4579.800870 5300.443460 5718.848339 5817.623974 5955.056498 6103.659194 6219.201605 6417.446917 6664.226420 6813.324159 7011.688364 7216.229857 7472.881043 7563.517061 8113.520505 8451.984470 8648.624964 8799.300820 8963.447514 9574.566660 9816.352944 10046.29153 10326.11548 10953.32275 11099.13598 11821.29315 12483.87643 12878.72456 13027.66757 15145.59221 15568.49796 15774.26855 16656.57810 17630.76255 19927.22761 20425.18383 21111.65172 21969.75689 22970.92430 27263.94101 29853.28713 30527.42335 33885.56794 39043.72526 44506.68801 80351.10620 173538.5946 808865.4281 2058422.028 2594334.823
      sorted:	 0.003635282315 0.01164167808 0.01416209466 0.02103910385 0.08006323150 0.1321978513 10.50058652 36.96109077 134.6011277 152.4984863 152.4984863 152.4984863 152.4984863 152.4984863 152.4984863 152.4984863 152.4984863 152.4984863 152.4984863 152.4984863 152.4984863 152.4984863 152.4984863 152.4984863 152.4984863 201.3191815 207.5563652 238.7168231 244.1430437 246.7400436 246.7400638 246.7400697 246.7400853 246.7400886 246.7400901 246.7400902 246.7400989 246.7401003 246.7401052 246.7401056 246.7401085 246.7401092 246.7401101 246.7401101 246.7401109 246.7401118 246.7401148 246.7401189 246.7401234 246.7401240 246.7401249 246.7401307 246.7401317 246.7401328 246.7401342 246.7401345 246.7401446 246.7401456 246.7401588 246.7401604 246.7401717 259.9080792 285.0035723 297.4116956 308.3481038 350.5536445 372.8849228 374.5723141 378.8943355 390.0254390 392.9415453 405.3281952 427.3267983 438.9026565 458.5356083 465.7351335 470.6774720 487.6970834 496.9200472 502.0078163 520.2428770 532.6227656 549.4275580 564.2091824 651.5479283 672.5480069 683.8171108 703.3154715 721.8336819 767.4258235 804.9900757 829.1220869 912.4025057 919.4842863 933.9407124 1044.858417 1111.689698 1560.876015 1652.346279 1740.858556 2053.827216 2334.307670 2532.170301 2687.225303 2955.963244 3254.820159 3374.579655 3516.998759 3610.331518 3878.173698 3985.031896 4157.379770 4297.889833 4399.354322 4579.800870 5300.443460 5718.848339 5817.623974 5955.056498 6103.659194 6219.201605 6417.446917 6664.226420 6813.324159 7011.688364 7216.229857 7472.881043 7563.517061 8113.520505 8451.984470 8648.624964 8799.300820 8963.447514 9574.566660 9816.352944 10046.29153 10326.11548 10953.32275 11099.13598 11821.29315 12483.87643 12878.72456 13027.66757 15145.59221 15568.49796 15774.26855 16656.57810 17630.76255 19927.22761 20425.18383 21111.65172 21969.75689 22970.92430 27263.94101 29853.28713 30527.42335 33885.56794 39043.72526 44506.68801 80351.10620 173538.5946 808865.4281 2058422.028 2594334.823
