    unsorted:	 152.4984863 152.4984863 152.4984863 152.4984863 152.4984863 152.4984863 152.4984863 152.4984863 152.4984863 152.4984863 152.4984863 152.4984863 152.4984863 152.4984863 152.4984863 152.4984863 246.7401095 246.7401094 246.7401104 246.7401102 246.7401105 246.7401099 246.7401089 246.7401090 246.7401087 246.7401086 246.7401091 246.7401084 246.7401083 246.7401107 246.7401117 246.7401118 246.7401122 246.7401124 246.7401069 246.7401066 246.7401066 246.7401136 246.7401165 246.7401026 246.7401024 246.7401178 246.7401220 246.7401224 246.7400923 246.7400835 246.7400800 246.7401865 134.5861267 244.1434316 0.01433952680 0.02103729818 0.003606892436 0.01088262090 0.07956788544 0.1322067577 201.3019638 207.5370144 238.6893215 259.8237117 285.0046739 297.1558412 308.3345515 374.6103902 372.9335916 378.8672014 389.1440598 350.6150818 392.8869608 405.2635993 426.8616385 438.9670911 458.5006347 465.7035639 470.6148251 487.6761970 496.8497557 502.0344934 520.2989639 10.54979504 4.430026563 532.5606119 549.4078944 564.4327456 651.4906460 672.3567664 683.6843183 703.4378436 721.8603692 767.2688756 804.7272281 829.0064377 912.2746073 919.3209792 933.7192377 1044.833078 1113.067613 1561.504819 1651.571707 1739.555202 2053.832480 2339.266417 2531.970431 2687.305076 2956.210172 3255.108822 3374.603273 3517.209345 3610.478814 3878.437467 3985.075352 4157.489311 4298.077457 4399.529136 4579.806530 5300.810941 5719.359987 5817.590602 5955.050352 6103.918873 6219.318176 6417.730989 6663.288897 6811.242805 7011.488969 7216.135740 7472.992352 7564.815242 8113.634933 8453.612927 8649.794429 8799.448569 8964.713522 9574.135911 9816.219133 10046.53643 10326.39801 10953.70277 11098.85834 11821.02112 12484.40314 12878.52184 13029.71792 15145.79227 15568.66616 15774.36740 16656.70500 17630.77265 19927.39943 20425.23056 21111.30978 21969.69670 22970.33205 27264.49590 29855.42623 30527.19363 33885.23575 39042.79185 44507.27249 80368.41213 173539.8980 808889.8647 2058409.545 2594341.861
      sorted:	 0.003606892436 0.01088262090 0.01433952680 0.02103729818 0.07956788544 0.1322067577 4.430026563 10.54979504 134.5861267 152.4984863 152.4984863 152.4984863 152.4984863 152.4984863 152.4984863 152.4984863 152.4984863 152.4984863 152.4984863 152.4984863 152.4984863 152.4984863 152.4984863 152.4984863 152.4984863 201.3019638 207.5370144 238.6893215 244.1434316 246.7400800 246.7400835 246.7400923 246.7401024 246.7401026 246.7401066 246.7401066 246.7401069 246.7401083 246.7401084 246.7401086 246.7401087 246.7401089 246.7401090 246.7401091 246.7401094 246.7401095 246.7401099 246.7401102 246.7401104 246.7401105 246.7401107 246.7401117 246.7401118 246.7401122 246.7401124 246.7401136 246.7401165 246.7401178 246.7401220 246.7401224 246.7401865 259.8237117 285.0046739 297.1558412 308.3345515 350.6150818 372.9335916 374.6103902 378.8672014 389.1440598 392.8869608 405.2635993 426.8616385 438.9670911 458.5006347 465.7035639 470.6148251 487.6761970 496.8497557 502.0344934 520.2989639 532.5606119 549.4078944 564.4327456 651.4906460 672.3567664 683.6843183 703.4378436 721.8603692 767.2688756 804.7272281 829.0064377 912.2746073 919.3209792 933.7192377 1044.833078 1113.067613 1561.504819 1651.571707 1739.555202 2053.832480 2339.266417 2531.970431 2687.305076 2956.210172 3255.108822 3374.603273 3517.209345 3610.478814 3878.437467 3985.075352 4157.489311 4298.077457 4399.529136 4579.806530 5300.810941 5719.359987 5817.590602 5955.050352 6103.918873 6219.318176 6417.730989 6663.288897 6811.242805 7011.488969 7216.135740 7472.992352 7564.815242 8113.634933 8453.612927 8649.794429 8799.448569 8964.713522 9574.135911 9816.219133 10046.53643 10326.39801 10953.70277 11098.85834 11821.02112 12484.40314 12878.52184 13029.71792 15145.79227 15568.66616 15774.36740 16656.70500 17630.77265 19927.39943 20425.23056 21111.30978 21969.69670 22970.33205 27264.49590 29855.42623 30527.19363 33885.23575 39042.79185 44507.27249 80368.41213 173539.8980 808889.8647 2058409.545 2594341.861
